4.968871440493092706e+01
5.872651550728195247e+01
6.406168553617690975e+01
6.782872178073260727e+01
7.079923851965301651e+01
7.318766024184706964e+01
7.521259517760361746e+01
7.696376935721464463e+01
1.333674715461615961e+02
1.473628934748964809e+02
1.541702936120265122e+02
1.592754529334480083e+02
1.632320066687578048e+02
1.667132963742039351e+02
1.696938798332856209e+02
1.722527011460297217e+02
2.528260051673025828e+02
2.777488067254489010e+02
2.872270577794716928e+02
2.932390449767588052e+02
2.984344104322315729e+02
3.025647728678177373e+02
3.049711765611252190e+02
3.100280635136682577e+02
3.893189063678992738e+02
4.318264011858917684e+02
4.595187871987908466e+02
4.610481253914668400e+02
