-2.630975995134906056e-02
1.000941730624190992e-02
2.266874652081532493e-02
-4.535315603028331095e-03
2.014853399897751501e-02
2.239550936296056879e-02
1.573223225490498478e-02
-2.166525409656458370e-03
-2.705724780175202196e-02
1.858441535028370305e-03
-1.671656996174416491e-03
-2.627269135058995023e-03
-1.287608141392047358e-02
-1.815367551912601407e-02
-2.328815395491095133e-02
-3.372287858995656751e-02
2.600072306805957176e-02
4.991059361058749339e-02
4.178429184967175775e-02
2.655011110182459166e-02
1.556097846795462432e-02
3.008422548093424558e-03
-2.587289464000695413e-02
-2.652798766008096498e-02
-5.596484737551619959e-02
-3.024809523998735206e-02
3.344603985356955217e-02
-1.617775908173276281e-02
