4.969714985208314317e+01
5.872194752218490521e+01
6.404974359459866662e+01
6.781105430112171462e+01
7.077790528884905541e+01
7.316262265001346066e+01
7.518449983150806304e+01
7.693296089091548140e+01
1.334001807539017932e+02
1.474034325030487196e+02
1.542017958603709076e+02
1.593003725737483762e+02
1.632505536557658274e+02
1.667273243600972137e+02
1.697036832503342225e+02
1.722582224337684522e+02
2.529296982507380562e+02
2.778378403871697628e+02
2.873032720063024499e+02
2.933058977440133503e+02
2.984936827913012394e+02
3.026176711669852466e+02
3.050186792303210268e+02
3.100703053705109937e+02
3.892823355362321536e+02
4.316947579229672556e+02
4.593047579525204469e+02
4.608420140909347538e+02
