0.01875	28.03955
0.019444444	28.10828
0.020138889	28.24561
0.020833333	28.26856
0.021527778	28.42871
0.022222222	28.49744
0.022916667	28.56604
0.023611111	28.56604
0.024305556	28.70337
0.025	28.79492
0.025694444	29.0238
0.026388889	29.0238
0.027083333	29.0238
0.027777778	29.13831
0.028472222	29.18408
0.029166667	29.27564
0.029861111	29.34436
0.030555556	29.32141
0.03125	29.34436
0.031944444	29.34436
0.032638889	29.45874
0.033333333	29.59607
0.034027778	29.61902
0.034722222	29.64185
0.035416667	29.8479
0.036111111	29.68762
0.036805556	29.80212
0.0375	29.82495
0.038194444	29.6648
0.038888889	29.77918
0.039583333	29.8479
0.040277778	29.89368
0.040972222	29.98523
0.041666667	30.05383
0.042361111	30.05383
0.043055556	30.05383
0.04375	30.09961
0.044444444	30.23694
0.045138889	30.21411
0.045833333	30.25989
0.046527778	30.35144
0.047222222	30.35144
0.047916667	30.35144
0.048611111	30.48877
0.049305556	30.5116
0.05	30.46582
0.050694444	30.39722
0.051388889	30.53455
0.052083333	30.44299
0.052777778	30.42004
0.053472222	30.6261
0.054166667	30.6261
0.054861111	30.69482
0.055555556	30.7406
0.05625	30.67188
0.056944444	30.71765
0.057638889	30.7406
0.058333333	30.8092
0.059027778	30.87793
0.059722222	30.83215
0.060416667	30.76343
0.061111111	30.96948
0.061805556	30.85498
0.0625	31.03809
0.063194444	31.03809
0.063888889	31.01526
0.064583333	30.92371
0.065277778	31.12964
0.065972222	31.06104
0.066666667	31.10681
0.067361111	31.08386
0.068055556	31.01526
0.06875	31.06104
0.069444444	31.17542
0.070138889	31.31274
0.070833333	31.61035
0.071527778	31.4043
0.072222222	31.31274
0.072916667	31.26697
0.073611111	31.33569
0.074305556	31.38147
0.075	31.33569
0.075694444	31.28992
0.076388889	31.26697
0.077083333	31.47302
0.077777778	31.42725
0.078472222	31.49585
0.079166667	31.42725
0.079861111	31.58753
0.080555556	31.45007
0.08125	31.58753
0.081944444	31.5188
0.082638889	31.49585
0.083333333	31.58753
0.084027778	39.23254
0.084722222	46.48853
0.085416667	52.18787
0.086111111	56.46826
0.086805556	61.64124
0.0875	62.23645
0.088194444	65.89868
0.088888889	66.99744
0.089583333	71.27771
0.090277778	68.82849
0.090972222	71.43799
0.091666667	74.00159
0.092361111	72.97156
0.093055556	75.10022
0.09375	74.75696
0.094444444	74.71118
0.095138889	76.86267
0.095833333	78.87708
0.096527778	74.23047
0.097222222	78.64807
0.097916667	77.84692
0.098611111	76.47363
0.099305556	78.62524
0.1	78.57947
0.100694444	78.51074
0.101388889	79.44922
0.102083333	79.42639
0.102777778	82.63086
0.103472222	79.83838
0.104166667	80.54797
0.104861111	80.89124
0.105555556	81.578
0.10625	81.71533
0.106944444	82.53931
0.107638889	80.59375
0.108333333	81.80689
0.109027778	84.00427
0.109722222	81.82971
0.110416667	82.83679
0.111111111	85.88123
0.111805556	81.73816
0.1125	86.88831
0.113194444	81.02857
0.113888889	85.10291
0.114583333	85.74378
0.115277778	82.31043
0.115972222	85.58362
0.116666667	86.65942
0.117361111	83.52356
0.118055556	85.94983
0.11875	87.4148
0.119444444	86.04138
0.120138889	83.84399
0.120833333	87.64368
0.121527778	88.60498
0.122222222	83.77527
0.122916667	85.90405
0.123611111	87.68945
0.124305556	85.927
0.125	83.75244
0.125694444	89.42908
0.126388889	86.27026
0.127083333	82.90552
0.127777778	84.53064
0.128472222	83.34045
0.129166667	85.8125
0.129861111	83.88977
0.130555556	86.10999
0.13125	84.09583
0.131944444	83.45483
0.132638889	85.74378
0.133333333	87.18591
0.134027778	87.71228
0.134722222	84.87402
0.135416667	86.93408
0.136111111	89.38318
0.136805556	85.21741
0.1375	87.73523
0.138194444	89.03992
0.138888889	87.20874
0.139583333	86.81958
0.140277778	90.64221
0.140972222	90.20728
0.141666667	87.46057
0.142361111	86.06421
0.143055556	85.58362
0.14375	86.01843
0.144444444	86.95691
0.145138889	91.30591
0.145833333	87.02564
0.146527778	88.71948
0.147222222	87.89539
0.147916667	88.67371
0.148611111	88.26172
0.149305556	87.27747
0.15	89.61218
0.150694444	90.36743
0.151388889	85.44629
0.152083333	89.61218
0.152777778	89.81812
0.153472222	90.06995
0.154166667	87.96411
0.154861111	87.84961
0.155555556	86.24744
0.15625	91.26013
0.156944444	88.26172
0.157638889	90.75659
0.158333333	90.57349
0.159027778	86.79675
0.159722222	87.89539
0.160416667	89.77234
0.161111111	87.96411
0.161805556	89.4519
0.1625	89.1543
0.163194444	88.39893
0.163888889	87.80383
0.164583333	89.10852
0.165277778	87.91834
0.165972222	92.31311
0.166666667	89.08569
0.167361111	100.43884
0.168055556	109.91504
0.16875	116.02649
0.169444444	120.05505
0.170138889	122.6416
0.170833333	124.86182
0.171527778	126.25806
0.172222222	127.56274
0.172916667	128.24951
0.173611111	128.93616
0.174305556	129.66858
0.175	130.14929
0.175694444	130.67578
0.176388889	130.99622
0.177083333	131.63709
0.177777778	131.77441
0.178472222	132.1864
0.179166667	132.50684
0.179861111	132.98755
0.180555556	133.1936
0.18125	133.42249
0.181944444	133.60559
0.182638889	134.15491
0.183333333	134.70435
0.184027778	134.95606
0.184722222	135.25366
0.185416667	135.27649
0.186111111	135.36804
0.186805556	135.55115
0.1875	135.7572
0.188194444	135.71143
0.188888889	135.91748
0.189583333	135.96326
0.190277778	136.05481
0.190972222	135.98608
0.191666667	136.14636
0.192361111	136.37524
0.193055556	136.32947
0.19375	136.51257
0.194444444	136.62695
0.195138889	136.55835
0.195833333	136.81006
0.196527778	136.44385
0.197222222	136.4668
0.197916667	136.30652
0.198611111	136.32947
0.199305556	136.55835
0.2	136.62695
0.200694444	136.83301
0.201388889	137.01611
0.202083333	137.22217
0.202777778	137.06189
0.203472222	136.94751
0.204166667	137.08472
0.204861111	137.10767
0.205555556	136.76428
0.20625	136.76428
0.206944444	136.90173
0.207638889	137.10767
0.208333333	137.245
0.209027778	137.3595
0.209722222	137.86304
0.210416667	138.06897
0.211111111	138.18347
0.211805556	138.16065
0.2125	138.3208
0.213194444	138.3208
0.213888889	138.36658
0.214583333	138.68701
0.215277778	138.77857
0.215972222	138.66419
0.216666667	138.68701
0.217361111	138.89307
0.218055556	138.54968
0.21875	138.73279
0.219444444	138.75574
0.220138889	139.05322
0.220833333	138.77857
0.221527778	139.0304
0.222222222	139.00745
0.222916667	139.16773
0.223611111	139.19067
0.224305556	139.12195
0.225	139.19067
0.225694444	139.30505
0.226388889	139.46521
0.227083333	139.12195
0.227777778	139.328
0.228472222	139.099
0.229166667	139.25928
0.229861111	139.69421
0.230555556	139.69421
0.23125	140.03748
0.231944444	140.1062
0.232638889	140.17493
0.233333333	140.06043
0.234027778	140.03748
0.234722222	140.15198
0.235416667	140.03748
0.236111111	140.38086
0.236805556	140.49536
0.2375	140.33508
0.238194444	140.31213
0.238888889	140.35791
0.239583333	140.26636
0.240277778	140.08325
0.240972222	140.1062
0.241666667	140.17493
0.242361111	140.17493
0.243055556	140.08325
0.24375	140.22058
0.244444444	140.38086
0.245138889	140.26636
0.245833333	140.22058
0.246527778	140.31213
0.247222222	140.44959
0.247916667	140.22058
0.248611111	140.40369
0.249305556	140.40369
0.25	140.01465
0.250694444	150.86426
0.251388889	159.56226
0.252083333	164.57495
0.252777778	164.02564
0.253472222	176.98108
0.254166667	173.27295
0.254861111	169.42749
0.255555556	169.99976
0.25625	179.65906
0.256944444	173.82227
0.257638889	178.05689
0.258333333	179.47595
0.259027778	179.84216
0.259722222	180.71204
0.260416667	181.62756
0.261111111	182.15405
0.261805556	182.40588
0.2625	183.0238
0.263194444	183.55029
0.263888889	184.09961
0.264583333	184.35144
0.265277778	184.60327
0.265972222	185.03809
0.266666667	185.15259
0.267361111	185.61035
0.268055556	185.56458
0.26875	185.93079
0.269444444	186.02234
0.270138889	186.04529
0.270833333	186.02234
0.271527778	185.99951
0.272222222	186.11389
0.272916667	185.97656
0.273611111	186.20544
0.274305556	186.04529
0.275	186.31995
0.275694444	186.77771
0.276388889	186.98377
0.277083333	186.82349
0.277777778	186.70898
0.278472222	187.21265
0.279166667	187.14392
0.279861111	187.51013
0.280555556	187.64746
0.28125	187.62463
0.281944444	187.51013
0.282638889	187.57886
0.283333333	187.71619
0.284027778	187.57886
0.284722222	187.94507
0.285416667	187.80774
0.286111111	188.03662
0.286805556	188.19678
0.2875	188.33423
0.288194444	188.31128
0.288888889	188.72327
0.289583333	188.90649
0.290277778	189.38709
0.290972222	189.73047
0.291666667	189.68469
0.292361111	190.14246
0.293055556	189.98218
0.29375	190.0509
0.294444444	190.11963
0.295138889	189.98218
0.295833333	189.50159
0.296527778	189.7533
0.297222222	190.37134
0.297916667	190.46289
0.298611111	190.25696
0.299305556	189.9364
0.3	189.63892
0.300694444	189.7533
0.301388889	189.59314
0.302083333	189.52441
0.302777778	189.52441
0.303472222	189.54736
0.304166667	189.63892
0.304861111	189.50159
0.305555556	188.88355
0.30625	188.99793
0.306944444	188.95227
0.307638889	188.83777
0.308333333	189.06665
0.309027778	188.88355
0.309722222	188.92932
0.310416667	188.63171
0.311111111	188.88355
0.311805556	188.99793
0.3125	189.31848
0.313194444	189.82202
0.313888889	190.37134
0.314583333	190.646
0.315277778	191.12671
0.315972222	191.49292
0.316666667	191.95068
0.317361111	191.42419
0.318055556	191.90491
0.31875	191.95068
0.319444444	191.81336
0.320138889	192.06519
0.320833333	192.33984
0.321527778	191.97363
0.322222222	191.92786
0.322916667	191.51587
0.323611111	191.97363
0.324305556	192.59168
0.325	192.24829
0.325694444	192.79761
0.326388889	192.82056
0.327083333	192.75183
0.327777778	193.04944
0.328472222	193.11804
0.329166667	193.23254
0.329861111	193.3241
0.330555556	193.34692
0.33125	193.66748
0.331944444	193.64453
0.332638889	193.57593
0.333333333	171.35022
0.334027778	119.94055
0.334722222	87.43762
0.335416667	66.53955
0.336111111	53.3324
0.336805556	44.22241
0.3375	37.17249
0.338194444	32.38855
0.338888889	29.18408
0.339583333	26.68909
0.340277778	25.06397
0.340972222	23.75928
0.341666667	22.84375
0.342361111	22.17993
0.343055556	21.63049
0.34375	21.0813
0.344444444	20.64624
0.345138889	20.1886
0.345833333	19.75366
0.346527778	19.38745
0.347222222	19.08984
0.347916667	18.74646