2.906072656313686053e+01
2.914498520162882755e+01
2.916168576329840079e+01
2.934806296970775819e+01
2.929475889363538244e+01
2.945436108744782189e+01
2.952577854038501926e+01
2.965975975914562923e+01
2.959738213032648346e+01
2.970573933847429160e+01
2.964025054965512851e+01
2.991745988545279999e+01
2.997764309251395076e+01
2.992822986815404462e+01
3.005024548521937788e+01
3.006288580939254729e+01
3.013893683386597644e+01
3.027886174925227181e+01
3.028749144646060643e+01
3.036012288881319421e+01
3.030200132120198120e+01
3.032919233431139716e+01
3.048479824790974391e+01
3.053172051948703114e+01
3.040515668873823074e+01
3.079645355569902776e+01
3.058025824147797778e+01
3.071003675707435576e+01
3.092628722620255388e+01
3.070794318389566513e+01
3.079197493325695234e+01
3.085392180605701284e+01
3.085035571867947013e+01
3.091093384727437865e+01
3.101404689350970756e+01
3.105172232877659866e+01
3.104551715915322774e+01
3.099574440787281304e+01
3.118282430142226502e+01
3.115330360660295739e+01
3.114497295403075583e+01
3.126575051914163339e+01
3.129957591956340934e+01
3.120337532496002098e+01
3.134418642357982776e+01
3.144155905182767441e+01
3.149517352816333826e+01
3.133213094361484963e+01
3.157961102032378164e+01
3.154519171365463137e+01
3.135969906364374538e+01
3.158364586825936016e+01
3.154823406600931435e+01
3.159902978491788517e+01
3.173623238205308894e+01
3.165625218974083666e+01
3.170589844581463268e+01
3.169053981479651938e+01
3.171783791475098369e+01
3.185324789952952074e+01
3.190180371890161126e+01
3.166910233651086060e+01
3.199798016572918158e+01
3.174268013815299838e+01
3.194081514972722857e+01
3.198775559600354512e+01
3.207801747842351858e+01
3.182204098990670005e+01
3.210551523989630596e+01
3.202148138090269214e+01
3.211049169875202125e+01
3.217755279983899896e+01
3.209277055090049657e+01
3.205138453801118459e+01
3.205286070161434964e+01
3.192557235729641718e+01
3.242378395655511270e+01
3.233705047447650571e+01
3.231574634861620865e+01
3.222941765132563319e+01
3.227282451342883007e+01
3.238102865210748860e+01
3.240237443062409994e+01
3.240190288154310849e+01
3.220710026843796214e+01
3.246528410320816960e+01
3.237770205664445200e+01
3.252795941259351054e+01
3.233206383016882057e+01
3.263374484021831279e+01
3.239345624252237599e+01
3.260798858962831304e+01
3.258412169049452700e+01
6.044793907630830176e+01
5.612571014461291696e+01
5.822411657270580321e+01
6.134423532576917637e+01
6.409465033411341039e+01
6.330993721753333148e+01
7.083123279566655128e+01
6.636393700717079014e+01
7.070896449704119391e+01
6.604949859995832639e+01
7.725509322282644575e+01
6.909574012250300257e+01
6.938570438689336584e+01
7.545504246951867344e+01
7.045897733742120295e+01
7.465901513677225410e+01
7.432808146193542598e+01
7.092269743869786680e+01
7.128820333175850976e+01
8.285384123798834821e+01
6.787794269294887783e+01
7.630924552879042722e+01
7.740946303520397009e+01
7.172049205428693597e+01
7.539763274087060552e+01
7.554630899028069280e+01
7.399507927678081387e+01
7.567961119550159310e+01
7.061674415196998211e+01
8.063718555319644565e+01
7.476190490723152493e+01
7.545478140353347385e+01
7.497924045754186295e+01
7.597048825885954670e+01
7.492568307284096818e+01
7.967579631672205664e+01
7.445634620869566334e+01
7.296450262120772834e+01
8.031006468483741401e+01
7.501933266191838356e+01
7.186875193199023215e+01
8.404875634515047977e+01
6.885508118232925767e+01
8.737975683780845770e+01
7.058072357950342735e+01
7.603345263385160990e+01
8.309967202841892231e+01
7.198972435514197343e+01
7.551604449482863401e+01
8.275410614757686290e+01
7.348619223720871219e+01
7.506980150152131159e+01
7.984400874379116431e+01
8.133023632442572648e+01
7.160528321290789222e+01
7.611156964607124564e+01
8.623997203582563031e+01
7.435073632516549935e+01
7.494833907141259033e+01
8.090003742588336877e+01
8.166940306476506350e+01
6.921533984804838724e+01
8.351162263653169759e+01
8.393034877483556500e+01
7.550875617199636736e+01
8.021538473429427540e+01
7.426571553604358655e+01
8.157403543325430917e+01
7.475485211158891730e+01
8.182598512774774235e+01
7.951536484503387214e+01
7.478338039469602450e+01
7.617325789060674879e+01
7.770449623893566127e+01
8.349816739160050361e+01
7.531912881115198388e+01
7.474963917814133652e+01
8.601685805371863580e+01
7.472584262911418307e+01
7.669215565681381008e+01
8.198132390927459312e+01
7.955971485660113274e+01
7.288362647790522431e+01
7.971602011969255841e+01
8.374578111205433117e+01
8.142792844449354561e+01
7.990901463647630010e+01
7.842359150997792483e+01
7.763724066107043598e+01
7.236324309558091272e+01
8.673567021989933323e+01
7.653132860747301436e+01
8.071196295467350978e+01
7.808118423453684898e+01
8.008797191198561904e+01
8.109097196513374683e+01
7.569510633523566412e+01
7.825948918745174865e+01
8.820126188085301067e+01
7.299134139076599581e+01
7.926501110447156861e+01
7.922265284580613809e+01
8.326399628978984424e+01
7.989726126622994684e+01
8.245506316832549487e+01
7.193828413350084361e+01
8.496901105854198022e+01
7.581053358112782803e+01
8.017293660463553806e+01
8.646265960406542206e+01
7.812711385429305722e+01
7.690978337706008006e+01
8.306466315350233742e+01
7.759226573879058719e+01
8.054989376015242897e+01
8.135098103165285011e+01
8.111000041692483364e+01
7.800662482575337719e+01
8.218000875472947087e+01
7.327873400173552909e+01
8.580461165250324029e+01
1.028185439901277221e+02
1.081142883486384392e+02
1.159023132196776089e+02
1.210313570852714520e+02
1.247406871499027545e+02
1.260093944592207720e+02
1.282478070351048132e+02
1.287938610840222964e+02
1.305022728877803502e+02
1.307750231485788959e+02
1.309191481868645894e+02
1.317250273689705296e+02
1.318327776043934705e+02
1.325049964248572678e+02
1.319561266132816684e+02
1.332898934935522561e+02
1.328241521671413352e+02
1.331933275765050837e+02
1.329762214946217682e+02
1.337527699898334390e+02
1.338388009852582172e+02
1.340776281320035537e+02
1.333636994233571897e+02
1.334871634691657789e+02
1.342910507314960000e+02
1.343010462209440448e+02
1.350471450911629745e+02
1.349970948622495541e+02
1.348914240499475738e+02
1.349412878103000253e+02
1.356231196200649265e+02
1.351388315687296995e+02
1.356039282708453868e+02
1.355909948304613408e+02
1.360523877951730469e+02
1.356116779629416556e+02
1.355402257945459326e+02
1.362595639669650893e+02
1.358138984400500249e+02
1.360540342502261524e+02
1.365571347808510154e+02
1.358957242992806869e+02
1.374034800108307763e+02
1.365764539136574456e+02
1.370751290228501489e+02
1.367238961132914028e+02
1.363203618814432900e+02
1.367609720421199881e+02
1.365132864935141299e+02
1.366347601804536680e+02
1.366493001454480236e+02
1.375629236079219311e+02
1.375220381325613630e+02
1.370047432558510820e+02
1.373324151037533056e+02
1.382448456118085005e+02
1.375103048006628228e+02
1.372538634035055054e+02
1.371562421336475666e+02
1.373741363219808136e+02
1.374857163254494594e+02
1.366483477758397953e+02
1.373903623195330397e+02
1.376580993868697078e+02
1.380316411050472709e+02
1.376643185114215271e+02
1.380891652805163119e+02
1.380375438947972100e+02
1.374577073986736764e+02
1.380384810493126793e+02
1.385674736493706689e+02
1.383018250753145821e+02
1.379301435056543994e+02
1.392534667599454679e+02
1.380843760219491116e+02
1.385041639546083161e+02
1.379201416703490111e+02
1.392923343202664341e+02
1.381227037317518125e+02
1.388052115138729903e+02
1.384293993233569040e+02
1.387937904560562004e+02
1.390526286923737302e+02
1.387810044115267374e+02
1.387214395165127030e+02
1.386612770811539406e+02
1.398726379396417201e+02
1.386452825613112623e+02
1.396962141243140536e+02
1.388392046692086410e+02
1.382505108192630985e+02
1.392964138127602780e+02
1.385474421016419342e+02
1.392230581855273499e+02
1.392652941335354626e+02
1.397312401116890896e+02
1.395608374414769060e+02
1.392844033594310531e+02
1.398551246586366688e+02
1.388385338771795432e+02
1.394064415113035125e+02
1.400823964154042756e+02
1.398040444879531208e+02
1.396845907913310612e+02
1.400416161394656456e+02
1.402928345455347880e+02
1.398542359469647067e+02
1.397868267214781213e+02
1.399838827668152703e+02
1.402340118925628190e+02
1.397420820886080151e+02
1.397265074076499900e+02
1.403990582446390931e+02
1.402767872177248307e+02
1.399958821576689161e+02
1.399262979550946397e+02
1.408108520730604027e+02
1.398931228925486039e+02
1.403518261539176706e+02
1.412900845941124999e+02
1.543850953036244391e+02
1.608357746633670331e+02
1.708939550112260122e+02
1.864148182946775592e+02
1.523792025406481798e+02
1.961864343728352083e+02
1.968874398367749450e+02
1.846449187224561115e+02
1.613375869094354016e+02
2.034699545482253029e+02
1.754526035964847495e+02
1.831638856867576521e+02
1.862229350919072033e+02
1.849983609720327991e+02
1.850256171157356562e+02
1.862392498368260760e+02
1.871348212529538841e+02
1.862563190621827971e+02
1.866338426114207323e+02
1.866917339780851535e+02
1.876289444042210164e+02
1.877410965317880596e+02
1.873441399616200442e+02
1.883344625228138511e+02
1.874875773351179760e+02
1.889794019521221742e+02
1.879350946750570870e+02
1.887882643564156524e+02
1.890695862623231278e+02
1.892858632561523393e+02
1.893724100266007611e+02
1.890769667258647360e+02
1.898583293916596517e+02
1.889244802362725864e+02
1.900827718776536699e+02
1.889557221039223407e+02
1.885268644253472701e+02
1.892973035695926001e+02
1.903870417672844439e+02
1.903324815063942310e+02
1.886934495111760839e+02
1.903469763642209500e+02
1.892119570546744001e+02
1.899128196190492588e+02
1.904237549800114380e+02
1.907442765684589006e+02
1.903009731165146832e+02
1.901751112320857828e+02
1.910002418696059863e+02
1.896680244665798227e+02
1.911243120744701400e+02
1.901699646993188253e+02
1.904201816970765435e+02
1.905423930382207232e+02
1.910456060082651106e+02
1.899001164939476780e+02
1.905895273799431493e+02
1.898247782493992872e+02
1.902593815803241455e+02
1.913921491681797988e+02
1.900538764017454696e+02
1.918191560645873324e+02
1.912372435946250562e+02
1.912903191834592462e+02
1.919150356210520272e+02
1.929226268030450342e+02
1.909399948412107619e+02
1.899805791505531545e+02
1.914849122666353765e+02
1.923607676668205499e+02
1.927294496292292365e+02
1.927143964371018967e+02
1.916194445191684963e+02
1.924295314548866145e+02
1.922234997770461291e+02
1.920803127185029666e+02
1.920638045313766042e+02
1.919203883978006502e+02
1.926018317042599506e+02
1.939876186845573329e+02
1.919951837579258722e+02
1.924841819220701495e+02
1.927202525269983653e+02
1.918130814539077846e+02
1.929997330862128706e+02
1.924082705444604642e+02
1.934058511082618566e+02
1.919246485007498677e+02
1.923480117592191618e+02
1.918203968774983252e+02
1.913578600016157907e+02
1.912738040858925217e+02
1.920734229640745241e+02
1.915461427293913061e+02
1.919032404907735554e+02
1.916915833914677876e+02
1.944635217105449669e+02
1.917093631522241139e+02
1.929519070850306548e+02
1.934999425797324193e+02
1.924609614435136109e+02
1.924372657787067737e+02
1.942550379050911715e+02
1.934027873807362425e+02
1.944602215732782611e+02
1.920868850846554210e+02
1.916835354919030578e+02
1.943836419864342133e+02
1.919484847554997771e+02
1.934407156441487246e+02
1.937324048465476380e+02
1.927548521554929550e+02
1.934254793530784013e+02
1.933349973714078374e+02
1.934350231085646783e+02
1.936618302243993810e+02
1.928738567201338583e+02
1.938607454352443256e+02
1.940231290938967561e+02
7.495965096628772528e+01
4.857376371653236191e+01
4.279601874589452137e+01
3.937891997034045488e+01
3.694972858442476848e+01
3.506689759934562289e+01
3.353145128011859555e+01
3.223651534047458256e+01
3.111800510389496210e+01
3.013445427434519885e+01
2.925747570332494973e+01
2.846678811175435797e+01
2.774738967173308879e+01
2.708787758914508359e+01
2.647937571328852613e+01
2.591484487867162301e+01
2.538860403486064143e+01
2.489600366150518340e+01
2.443319222420213777e+01
2.399693945637097769e+01
2.358451387470252669e+01
2.319358103977609176e+01
