3.641914949194484385e-02
3.688255566078133679e-02
3.243250060092175285e-02
3.818740571531614725e-02
3.046388294211674341e-02
3.357919474338118965e-02
3.359718534263125833e-02
3.828741257610884102e-02
3.114659116077602569e-02
3.163125087599792662e-02
2.123948448015515120e-02
3.079058860152008095e-02
3.286416983695963911e-02
2.710932336686801628e-02
2.967938291079849633e-02
2.689081466340438945e-02
2.707766786755528426e-02
3.265367351884754243e-02
3.214012663628051936e-02
3.461526810648425656e-02
2.862516595081739113e-02
2.477093527321012900e-02
2.923048257200086195e-02
3.002074835028952643e-02
1.866987924571683610e-02
3.735003195604864185e-02
2.611016402450494142e-02
2.967605166393755961e-02
4.252471704520354584e-02
3.118833976945184494e-02
3.162952613942532354e-02
3.212190021626688125e-02
2.885172862370802976e-02
2.851895572958179290e-02
3.194990101127563598e-02
3.320349947998631895e-02
3.142589419441744331e-02
2.509527775868895805e-02
3.206165269876436880e-02
2.952468123985113255e-02
2.614482060919533224e-02
3.012412324231183644e-02
3.123858108753354429e-02
2.343831269546203799e-02
2.728753731629368282e-02
3.202733594000337775e-02
3.612019547061663671e-02
2.612060579294112062e-02
3.733605077306072217e-02
3.698718718498171520e-02
2.395339477255492219e-02
3.126568084931999336e-02
2.780319500193564539e-02
2.792495217783272365e-02
3.470124368160958095e-02
3.055579413597191499e-02
3.140141850889806990e-02
2.860638428769714248e-02
2.720091388091703047e-02
3.311795964697636374e-02
3.700412206641494339e-02
2.259070337993598215e-02
3.704426856634424059e-02
2.270082141500968584e-02
2.908442979987583416e-02
3.135539073357900691e-02
3.732758709816896836e-02
2.224249910717572207e-02
3.362653793615112685e-02
2.940421666196864001e-02
3.302780603026844036e-02
3.747486881744655635e-02
3.321622685204675407e-02
2.809792259450508492e-02
2.363640810782920848e-02
9.972124867216490204e-03
3.246319633155693440e-02
3.271225943422721716e-02
3.354262816691889332e-02
2.852107776550105028e-02
2.840384830375472860e-02
3.335936282582221968e-02
3.555312479623154442e-02
3.629814086696305647e-02
2.332411279368679438e-02
3.302974658005930486e-02
2.799899214164568162e-02
3.502404482076890840e-02
2.357049855334746036e-02
3.763663610981828056e-02
2.551406338268218110e-02
3.455679117315108018e-02
3.455285983691585433e-02
9.136646352629755885e-01
4.305907836865244254e-01
2.524404745150213847e-01
1.754500677220430516e-01
1.350562304224250942e-01
2.707111695892762404e-02
1.380988600035277236e-01
7.060187050344428165e-03
5.539800471542191684e-02
-7.334987894590991320e-02
1.224290002995335747e-01
-3.278717496806666382e-02
-6.237549237937492497e-02
3.403356690632181741e-02
-6.180065334800338706e-02
-1.310177182535946037e-03
-5.127727042519912397e-03
-7.728033076787636790e-02
-9.621143009149801806e-02
1.161702362653550674e-01
-1.369407705370408457e-01
-1.975254089962159149e-02
1.223732985087761828e-02
-8.781846574602594768e-02
-4.049196640203089892e-02
-3.775828644233013287e-02
-6.864939294834088157e-02
-4.717297115604026508e-02
-1.453950236997414158e-01
1.000528258710215411e-02
-7.183377920968686547e-02
-6.720701273050731783e-02
-8.088895955353329892e-02
-7.030310886758271705e-02
-9.224243487326259927e-02
-1.138988672543396127e-02
-8.985238029833834961e-02
-1.314191216564619402e-01
-1.857082611147701373e-02
-9.437180434057876321e-02
-1.631611245904346086e-01
2.826826962033995166e-02
-2.075449369158031410e-01
7.838206743385024711e-02
-1.706426539409353627e-01
-1.132481839049828548e-01
9.588602907540705669e-03
-1.588375865014593213e-01
-1.285881616236453362e-01
-9.212416860861060569e-03
-1.450106156439319727e-01
-1.412232081807507367e-01
-7.202779937059167192e-02
-2.998132216243857770e-02
-1.829954742554410208e-01
-1.410012208560822711e-01
2.942040098260052111e-02
-1.344909078772711930e-01
-1.452981051721433381e-01
-5.850271246658951541e-02
-2.487135819845897461e-02
-2.260309527052230816e-01
-3.197669003742768107e-02
1.236140578860815860e-02
-1.067291555819716714e-01
-3.749758089506030623e-02
-1.345583040227986971e-01
-2.760449297626742238e-02
-1.318678342479319698e-01
-2.699117033808054456e-02
-4.720475920885740251e-02
-1.278273433397031922e-01
-1.263122918530443228e-01
-1.140978636180058764e-01
-1.621052718369529050e-02
-1.336064198165783923e-01
-1.637169411723621848e-01
9.381276123255033808e-03
-1.482800851024818345e-01
-1.386767232403868511e-01
-5.994142434262222929e-02
-8.362013664888576225e-02
-1.959195778886545225e-01
-1.163016984916011159e-01
-4.247387008735104691e-02
-5.387002977784211000e-02
-6.630480649829600948e-02
-8.829315403712983956e-02
-1.071757188581052150e-01
-2.074637545852079379e-01
-3.332003994462579607e-03
-1.373785260297624433e-01
-8.172700576590531674e-02
-1.194550872571267242e-01
-9.260807616273938891e-02
-7.088310459579370837e-02
-1.553033713136354188e-01
-1.339856717464273372e-01
3.224214744552403311e-02
-1.854752178692003761e-01
-1.174942082458241693e-01
-1.204319215697784440e-01
-5.343217489735484910e-02
-9.052229980042088286e-02
-4.397089156123941411e-02
-2.117227519454460416e-01
-3.730619504648240159e-02
-1.646828777819018264e-01
-1.148299949065059583e-01
-3.849111815068892700e-03
-1.111352500478915706e-01
-1.432797298470767089e-01
-5.569824837081472496e-02
-1.325811331141027449e-01
-9.651139922412689531e-02
-7.972889455050127805e-02
-7.623619132645091667e-02
-1.245884812613498871e-01
-6.526887615565227230e-02
-2.061936381329202983e-01
-3.683058802706427187e-02
2.369306525371781685e-02
-1.638312328650897570e-02
-1.070245082156553746e-03
8.132161748060225473e-03
1.711562104459463801e-02
9.190755502528936971e-03
1.575936645236599570e-02
9.651102539991624277e-03
1.756546974550127899e-02
1.426181102786754952e-02
9.644342421769390439e-03
1.210715301612879866e-02
8.853955984754536754e-03
1.151770963205864945e-02
2.423607307649141770e-03
1.150059024018599239e-02
4.824642831194005631e-03
5.180770868168560819e-03
-8.518470622423379972e-05
4.198174610742824199e-03
3.120245958969936236e-03
3.533071722549536737e-03
-5.897738492335548657e-03
-9.035985332576313561e-03
-4.927598423546211172e-03
-7.043164518105844880e-03
-1.695378914969045830e-03
-2.740271172947865517e-03
-4.866988956216402977e-03
-6.010084103826436770e-03
-6.507217552352120892e-04
-5.728832165445623889e-03
-2.642859027906541234e-03
-3.409031768437018311e-03
4.876072254826373719e-04
-3.927259142722079599e-03
-6.122916487289470008e-03
-5.127727191699422288e-04
-5.118001660579578511e-03
-4.193285071311636004e-03
-8.898900352667641584e-06
-6.683249029488812047e-03
7.033149613051659609e-03
8.035208098778549423e-04
5.638828009475575082e-03
2.893183060796880243e-03
-1.742757719002171113e-03
9.809341577192089330e-04
-2.336596311707764446e-03
-2.783248039565052942e-03
-4.174761662433861160e-03
3.655528228320255400e-03
4.195243364128116957e-03
-5.834110770983250540e-04
1.639186952511792906e-03
1.082567474349652344e-02
5.454821980291996338e-03
2.572161823707553446e-03
3.542627020614785502e-04
9.409182263893697135e-04
9.188758363961893822e-04
-8.810862027706749255e-03
-4.914990533115207519e-03
-3.801978725315640142e-03
-9.337600463860950021e-04
-4.746079321247883599e-03
-1.674619576258085975e-03
-2.378002731604618621e-03
-8.863862602029636342e-03
-5.332876327283979714e-03
-6.974861399278489129e-04
-2.777368440529537873e-03
-6.932862052409059436e-03
5.079670771852182534e-03
-4.673833619657491618e-03
-1.813085681296405446e-03
-8.148522771720059441e-03
3.702043624360966487e-03
-6.528761107269874520e-03
-1.454875160482516821e-03
-5.305329595036880133e-03
-2.851337262359690192e-03
-4.982772856926457423e-04
-2.943197187521793060e-03
-4.189442403468440768e-03
-5.764397578765862590e-03
5.395898631680492302e-03
-4.900073486224883722e-03
4.293446569091539759e-03
-3.016497936736056273e-03
-1.033471022698005670e-02
-2.847621152227570659e-03
-1.064027929064457513e-02
-6.303374258046048548e-03
-6.489290677473687381e-03
-2.350341836812203447e-03
-3.403678490380447445e-03
-6.190256038972519539e-03
-1.302189537853146390e-03
-1.098672655816803831e-02
-7.750565489824664395e-03
-1.800573203761521085e-03
-3.621108966465518345e-03
-4.797158982126071593e-03
-1.602264866175654367e-03
1.496142797477896655e-03
-1.798379037011170510e-03
-2.768706776039538305e-03
-1.362920125479776413e-03
1.076230688271627477e-03
-3.412465640863825925e-03
-4.661266445796261731e-03
9.460446869734226438e-04
4.008485610658456201e-04
-2.253888115953197897e-03
-3.725835332843341688e-03
4.209596573201952394e-03
-3.636422286703488473e-03
-3.693909047713850227e-04
9.109293878265674674e-03
2.333776935388432935e-02
7.981302491999199208e-03
3.839591025989077394e-02
1.364980395423395221e-01
-1.390085169519352792e-01
1.322392466500697250e-01
1.620749374069989368e-01
8.614811410590286767e-02
-1.019791214011951802e-01
1.705632111939701379e-01
-1.462614787619428980e-02
2.054835584799880044e-02
3.547986240772017102e-02
2.371906693119504861e-02
1.870892895183786167e-02
2.242716995216995426e-02
2.592537725732245099e-02
1.766174159963241480e-02
1.679949735530650648e-02
1.408000798092478613e-02
1.777856687325588339e-02
1.699767578216816039e-02
1.246256898576954091e-02
1.718513644780149743e-02
1.011380742031877354e-02
1.840233708459969655e-02
1.077984273103494740e-02
1.486877520418052046e-02
1.625569914897137883e-02
1.754371682536799010e-02
1.813391888290874845e-02
1.592077155479764902e-02
2.087235827815959663e-02
1.460236734368542712e-02
2.170160759056934813e-02
1.414648352966139597e-02
9.364899191382402427e-03
1.237291113337059961e-02
1.907443098983137297e-02
1.940721601282506190e-02
7.909719301425878132e-03
1.711547115300855737e-02
9.075920616525604348e-03
1.207242357050430405e-02
1.491875016628382844e-02
1.724784985461263673e-02
1.451183313788500205e-02
1.309914308449245009e-02
1.823969859719797026e-02
9.167329936240604243e-03
1.765940037652412309e-02
1.134536825496451802e-02
1.181423878281314885e-02
1.172470367293684292e-02
1.452024545882275343e-02
6.235831405145026742e-03
8.909367697971406000e-03
2.311077536485124911e-03
2.787699731751829956e-03
9.001565535836392185e-03
-4.658801524632121449e-04
9.669201946136908934e-03
6.242241392306183134e-03
6.157644970481193115e-03
1.017387852403855639e-02
1.805281318771542395e-02
6.253882494853929205e-03
-2.052624357462888571e-03
5.365991593613795782e-03
1.105771724104367970e-02
1.470518357318157353e-02
1.621753824110516717e-02
9.834582687987510410e-03
1.496041183181316160e-02
1.424138335028263778e-02
1.348587613860915274e-02
1.327607269959659060e-02
1.203059159902744070e-02
1.635997726594250537e-02
2.702230387218642824e-02
1.585865918174805128e-02
1.869208516029021924e-02
2.055988336972184791e-02
1.452626073349146812e-02
2.179217346461805038e-02
1.841403200128214485e-02
2.530932422900613113e-02
1.610038831200416229e-02
1.772549444969670138e-02
1.321538646147133247e-02
8.090947518184569281e-03
4.740545955565150099e-03
7.487295637330641969e-03
2.194527020275205929e-03
2.142744968187634911e-03
-1.349808234762273074e-03
1.587746935507449234e-02
-1.018977824881536678e-03
5.216064277712635297e-03
8.792831634524470377e-03
2.060609960157849200e-03
5.065293737728193647e-04
1.188396502733816799e-02
7.684800845152093586e-03
1.537392996871880281e-02
5.899512586984305331e-04
-4.715388058803676383e-03
1.110726127360724992e-02
-4.404231175377197778e-03
3.216231942012428950e-03
5.087240139549521062e-03
-1.525970987054140653e-03
1.591976353314240433e-03
5.302283528842356057e-04
5.737676190640025181e-04
1.628731527760408741e-03
-4.097865474710330955e-03
1.116558444714768833e-03
2.310199898803309317e-03
-5.625354261798571898e-01
-5.950180008634914364e-01
-5.105537096515833095e-01
-4.081877624609656641e-01
-3.071804647001678545e-01
-2.070333209034600219e-01
-9.794982041508135118e-02
-4.694086630164660129e-03
6.626644060374561884e-02
1.290926095398980677e-01
1.673121099061700146e-01
1.981334498248414067e-01
2.146600129896837628e-01
2.212787681992271771e-01
2.241690185145377712e-01
2.292811581198324622e-01
2.296962563091702325e-01
2.331713769902411248e-01
2.368944400279309193e-01
2.377563555996779487e-01
2.354484833137694133e-01
2.372245767881558942e-01
