2.059582615686419427e-01
1.220724063627430384e-01
1.097477421752411503e-01
1.172122844804485559e-01
7.895777448529273101e-02
7.188002829985530584e-02
6.528367838345128238e-02
5.473777668949953573e-02
6.662118568275637864e-02
6.069927197226037546e-02
5.708602086860957436e-02
5.774095553336278108e-02
5.675211165484541492e-02
5.647863537702258602e-02
4.360830862999429125e-02
5.143203274715323764e-02
4.991282028315938840e-02
3.668524475227791237e-02
5.381248790374702079e-02
3.465277697948937474e-02
3.229716658023350923e-02
3.023646237896334549e-02
1.940548685612267579e-02
1.664277029467374491e-02
1.639221715853528966e-02
1.878217196050085275e-02
1.012317078633371073e-02
9.236488840904284736e-03
1.750080570767881608e-02
6.959287025348349920e-03
8.366964046512772105e-03
1.458089427176591235e-02
1.272103401045596681e-02
4.608463640639068847e-03
-6.652084932898472830e-03
-1.594150842344722527e-03
-2.842670689841852311e-03
-9.243772321358633640e-04
4.175268907282443095e-05
-9.514842769873792239e-03
-2.992854913896757837e-03
-8.563624883372551039e-03
-1.139383669289449098e-02
-3.235117814611036639e-03
-2.572922589569151043e-04
-1.540890949979692275e-02
-8.860692273945359326e-03
-4.174917643077035410e-03
-1.588674461429471357e-02
-4.007169111271001623e-03
-6.913051586637989840e-03
-1.680180208576792164e-02
7.535743658717139123e-04
-2.003913043620297006e-03
-9.628770493750141504e-03
-6.844007793514962548e-04
-6.035020410208986018e-03
-4.901276164843478694e-03
8.286937096819600376e-03
3.126908646892677737e-03
-2.514939239360179570e-03
-3.748417715853288087e-03
-9.779768321589559985e-03
-9.528096186146918847e-03
-9.562326440978704406e-03
-5.997539953822726179e-03
-8.395785253152881697e-03
-7.266724186888812165e-03
-9.321987672665819208e-03
-4.062225450670932901e-03
-3.671155570196288787e-03
-1.764948824709644190e-02
8.142548240493685183e-03
-8.478633665897284538e-03
-8.609168165610140561e-03
1.414972639603763634e-03
-1.223008806534336794e-02
-8.705021199979016272e-03
-7.978022668299126737e-04
-2.030732556929726665e-03
-8.185285016525330193e-03
-1.348111504774444393e-02
-6.641714609920297378e-03
7.470985051120893408e-03
-1.907107114022541655e-02
-8.224686356634777415e-03
-2.074855623753111417e-02
-3.535869551207427436e-03
-1.564728984706812570e-02
-2.381392010278737467e-02
-1.073448734128115006e-02
-9.468349569850875508e-04
2.929559147688629538e-03
-1.495934401703451384e-02
6.939861754063160297e-03
-1.127021745190078146e-02
-3.615876211343286694e-03
-1.582740810388779187e-02
-1.990155833269218258e-02
-7.852586299302700620e-03
-1.549890932443177480e-02
-1.868551708167238631e-02
-1.375838860270928339e-02
-1.719184102552307955e-02
-1.534954022551347601e-02
-2.675661720892225787e-02
-1.263384579549423244e-02
-6.591285554153918612e-03
-8.832432296708913819e-03
-2.936446298006647245e-03
-1.234799192736580654e-02
-3.464406776582740991e-03
-1.515245392226526218e-02
-2.285210055109364660e-02
-7.105002394229643740e-03
-4.053799493687146142e-03
9.238918172677433431e-05
-3.006411292610042599e-03
8.706789205267130571e-02
6.672490101479332247e-02
6.842705257032967447e-02
4.073992285179597883e-02
2.146942707877183207e-02
1.275665554852285083e-02
1.736241605454599823e-02
-2.023210568256337064e-03
1.448482300560172305e-02
2.212792779820822113e-04
1.187852703528567179e-02
1.947000823124682770e-02
1.533366197802312446e-02
1.207284335652732653e-02
6.743422089697121043e-03
1.302435003695195416e-02
1.125072792686172135e-02
4.845397135076014161e-03
-6.445206534252742071e-03
1.086138915672923110e-02
9.357039207804755329e-03
8.133839027910745242e-03
2.462487162460504569e-05
-3.237990028143546573e-03
8.421293208312479947e-03
3.979838167092669861e-03
-1.104761259751999708e-02
-2.512875708678910611e-03
1.318516092551109617e-02
9.215702726868758854e-03
1.348710887964916540e-02
4.065553862888329761e-03
3.813293110168523761e-03
7.952191562667366639e-03
4.273612544023294713e-03
-1.756329901035698577e-03
-1.037390716646450703e-02
8.928492785524981545e-03
5.272945886976888007e-03
5.593566543857574980e-04
-1.418500245190293472e-03
-1.805421915052827326e-03
8.013711409248044926e-03
4.144280474977886201e-03
-7.891970857675661283e-03
-9.792898753964069530e-03
6.425630919809754288e-03
4.126238947757155263e-04
-5.117559184602516256e-03
-1.857193369857659815e-02
3.372448032146146968e-03
-3.472252343446435136e-04
-1.202482926327886085e-03
-3.197834819647951167e-03
-8.127957862319738075e-03
-8.310685336152326408e-03
-2.274985288671252468e-03
-1.561671355047986390e-03
-1.385375579852433751e-02
-1.688935824833636551e-02
-2.305776862979996324e-03
1.433180095955634975e-03
-3.538492646026068431e-03
-5.007037710331813107e-03
-1.027471870804385658e-02
1.375573870624366077e-02
8.492024995022355235e-03
-1.189836831174830196e-02
-8.244526102417352661e-03
-6.803445682748801918e-03
-2.692960430916726666e-03
1.516189637446937067e-03
-1.005626844099043703e-02
-1.109405625915611468e-02
9.901276258254205001e-04
2.491527243948736970e-03
-1.563433692618699080e-03
-1.477042373417314022e-02
-3.506244381421842402e-03
-1.178688763423640928e-03
1.487570222242271301e-05
-1.177497725685859413e-02
-1.035860022958762401e-02
-4.118418793499051614e-03
1.745847170107100521e-03
1.686453824497837059e-03
-1.568742142584533469e-02
-6.768258880501647375e-03
-7.105204783469788558e-03
5.230014630334850999e-03
-4.457330390959835485e-03
-1.043052965731242065e-02
-9.824973993086022137e-03
-3.338519209324404893e-03
-2.996942141138952357e-03
-3.176352362057542709e-03
-1.839798106768552460e-02
-2.694452539233900545e-03
3.797061077298736435e-03
-5.617519785943573749e-03
-2.017828671802697482e-02
-2.052863120933833690e-02
3.008975004122440341e-03
-7.670848131324178171e-03
-1.594510846586992547e-02
-9.380960021501190405e-03
-1.746997364803525021e-02
8.671276238804820000e-03
-3.657782918752121738e-03
-1.179339181553131638e-02
-1.924563431859019694e-02
-9.472405425285036068e-03
-2.949638638129084382e-03
-1.056278590462681952e-02
-1.457907058816920558e-02
-1.566482962024528733e-02
-2.973629417703079793e-03
5.348459920369188049e-04
-5.932704727656649794e-03
-1.301035662709692023e-02
-7.027126878592207526e-03
2.664119451688994750e-02
1.641289390043613322e-02
1.224926274204667619e-02
4.301608042327765419e-02
1.136742404062236408e-02
3.665159424634893692e-02
4.871610161638233183e-02
4.557129849485037909e-02
4.301921121970944673e-02
3.139998695788925875e-02
3.274081296218887827e-02
3.282536804954862969e-02
4.649217077997954556e-02
3.681855913545807601e-02
3.442295679480130571e-02
3.362307324835880906e-02
2.917756420415614643e-02
3.625259110940012852e-02
4.856839431422049075e-02
3.591242437534849369e-02
2.160475566450964502e-02
3.101054838516811157e-02
2.991540254639679305e-02
3.025607466342709884e-02
2.922974243684033774e-02
7.405662093969271956e-03
7.647620921935071626e-04
2.549339734588361786e-02
2.465853528904071376e-02
1.132518065538810903e-02
6.866547291707539823e-03
7.939255133313428969e-03
5.243595808320456776e-03
2.799525173161205790e-02
2.774038997770232953e-02
1.292937046976893808e-02
9.659826153903306595e-03
3.205311987262717075e-03
2.264456150514639401e-02
2.419363255682874594e-02
1.217733632568016901e-02
4.918166713905177019e-03
-2.661613512715983558e-03
-6.816336509554758944e-04
1.293386264808820373e-02
1.816447677615058015e-02
-1.246715694889178813e-02
-4.794384196023674348e-03
-1.295706581483273279e-02
3.347431099706181523e-02
9.357596542258046768e-03
2.203818135732543010e-03
-1.730638718245077617e-02
-4.855683328743643813e-03
8.569032245773970484e-04
6.087803647647672609e-03
-1.149024856782423229e-03
-1.222754091037722701e-02
-2.025518739969551368e-02
-1.037158764994566135e-02
1.001699884724796367e-02
-6.410010471435078315e-03
-1.905696645720103555e-02
-2.794664691267199214e-02
-1.548789891837831605e-02
-4.213623732782533111e-03
-1.093348116672589188e-02
-1.102731774247462000e-02
-1.727985895747606929e-02
-2.612966320934335604e-02
-9.795357349346930920e-03
-5.757234734478104167e-03
-1.846791785209116188e-02
-1.089084790610308356e-02
-3.667863295501527787e-02
-1.833575485762149043e-02
-1.053641427621590694e-02
-1.289189209919164129e-02
-1.394133271546887758e-02
-3.143764402607927139e-02
-1.973597889957448559e-02
-2.383898365557931415e-02
-2.868407128277395118e-03
-5.725347364564345280e-03
-2.031687081338730966e-02
-3.019851367103126155e-02
-1.944594089023850975e-02
-1.910716785085175839e-02
-5.764970678941223024e-03
-1.446794048697102979e-02
-3.051734326397858785e-02
-3.684799325728526503e-02
-2.417416577270890474e-02
-5.810253610654788486e-03
-1.146167377087521297e-02
-3.690724475415751993e-02
-3.235744696023341166e-02
-2.871714592053303469e-02
-1.765297968654319649e-02
-1.814908725032148007e-02
-1.875110613134974014e-02
-3.354903376647702662e-02
-3.210143269662868448e-02
-1.907485501699402244e-02
-2.356540190919849051e-02
-1.697436340062105989e-02
-3.874223841955714426e-02
-4.398737017284792827e-02
-3.229715044901306648e-02
-1.483047836786502600e-02
-1.582203445807834480e-02
-2.311549108192677629e-02
-5.411532060585328568e-02
-3.236937918037217227e-02
-1.857847768986723921e-02
-1.625554322499608503e-02
-3.099086799642410475e-02
-3.448578242507181757e-02
-3.580960743455027795e-02
1.074661097741697463e-01
1.107472667730902555e-01
9.881662862451999485e-02
2.183655354516724281e-02
3.949335514523880791e-02
5.180563845570122783e-02
4.124686154645667430e-02
3.257160092521304423e-02
4.565929235441084505e-02
3.834840708893192535e-02
4.223036964725017384e-02
4.110383790374749768e-02
3.947803415664739163e-02
3.625186887255199553e-02
2.563061102634926064e-02
4.022726554134133103e-02
3.127656181960888210e-02
3.318116030234113945e-02
3.178954431136608166e-02
2.499124801793327702e-02
2.584467504875882782e-02
2.478350742976733259e-02
2.805415942929941411e-02
2.094506453728115988e-02
1.942307656791943463e-02
1.621129592466933819e-02
1.762736724252206982e-02
1.591133957447159186e-02
2.004070539847789892e-02
1.597301873581437326e-02
1.333069839806900851e-02
1.039234596612296883e-02
1.244483116631711628e-02
1.249032971719531322e-02
7.570796395802776267e-03
8.716871881143149065e-03
5.317779667219597189e-03
7.165566811930501948e-03
4.890813197483764516e-03
7.147290852786371620e-03
4.450281928967019136e-03
6.426168501393529457e-03
2.325577281094206184e-03
-1.970954064440993362e-03
-1.281199171552811680e-03
-4.538421287675515302e-03
-4.650324340775505855e-03
-4.580008630336446229e-03
-3.778358089573783610e-03
-6.001516905459677864e-03
-7.934569223347254577e-03
-4.005158461610786903e-03
-7.826545330742357837e-03
-8.601812954189012872e-03
-9.780429211993204447e-03
-6.776195896595550890e-03
-1.466343065790533425e-02
-1.085335247675388130e-02
-7.376098765713903944e-03
-1.162334207819074559e-02
-8.676570263369766736e-03
-1.175928728176273141e-02
-1.229004360945662108e-02
-1.738727979563475107e-02
-1.380503104637931244e-02
-1.355870207240937944e-02
-1.456267417495848808e-02
-1.238765663414936533e-02
-1.261798076772515341e-02
-1.978846773220362815e-02
-1.682405511620378366e-02
-1.219091527051437834e-02
-2.045096849327221813e-02
-1.880188254827664524e-02
-1.932700404088003032e-02
2.011457945570577222e-02
-4.664362091271984090e-02
-1.787706838664660999e-02
-2.199356878430886245e-02
-1.863796465878011371e-02
4.501595897338797614e-02
-7.256139824385333947e-02
-4.429918248710022766e-02
7.639515139082014850e-02
-6.055207651749817954e-02
-2.603658006145694384e-02
-2.221167812866149324e-02
-2.886783147337253566e-02
-2.835560020686935315e-02
-2.434456943412032989e-02
-2.476415041711970896e-02
-3.005679364043755200e-02
-2.443867682524741847e-02
-3.167051677016501088e-02
-2.977662352342251920e-02
-2.587324665609119084e-02
-2.991174444694250784e-02
-2.910625375853008109e-02
-2.889258775218757347e-02
-2.605088714995350968e-02
-3.340715120594437565e-02
-2.820206814124090466e-02
-3.325934678300939557e-02
-2.863159367795113652e-02
-3.266260337498973210e-02
-3.004140314187919367e-02
-3.661314323286728872e-02
-3.162012691339423365e-02
-2.882412185560325954e-02
-3.323522581694005745e-02
-2.951496255906835287e-02
-3.581022048957583498e-02
-2.970142612965623666e-02
-3.817451558238928871e-02
-3.581234222889126406e-02
-2.733529009971666021e-02
-3.669896718609626934e-02
-3.889446374929340228e-02
-3.565360943345487893e-02
-3.964803196633406857e-02
-3.492930576380465224e-02
-3.426847055773511036e-02
-6.803160728448541528e-02
-8.772559713834136852e-02
-9.564132654859032467e-02
-9.990465783980073677e-02
-1.027734011971625505e-01
