3.180162586003494596e+01
3.581057056517284565e+01
3.902777505898020394e+01
4.167056583515090296e+01
4.385280373011465826e+01
4.582443615466013398e+01
4.754394080419373125e+01
4.907897384589365686e+01
5.051157417432773400e+01
5.176210325826086489e+01
5.294210260832382886e+01
5.404117008806969835e+01
5.505591848048588588e+01
5.600974309383054361e+01
5.688162039588376473e+01
5.776573896505056638e+01
5.854814694314171675e+01
5.928315672673243597e+01
6.006936674486499328e+01
6.068405116081798667e+01
6.137373120813624183e+01
6.200653289026395498e+01
6.259245513412357553e+01
6.319132234321819652e+01
6.375807033998931672e+01
6.430483792226988271e+01
6.479960343057746286e+01
6.532071234360095957e+01
6.583243440439156302e+01
6.625778011196773321e+01
6.674300265666744281e+01
6.720092786503349203e+01
6.761124116376470283e+01
6.801328893338936155e+01
6.841162257369251165e+01
6.885154499856865584e+01
6.922221307991299000e+01
6.960722713150219931e+01
6.997246141644818351e+01
7.030218996185600133e+01
7.069659021955293099e+01
7.100588003675277093e+01
7.134671819971049445e+01
7.170707623908926109e+01
7.201301683978432777e+01
7.227507081565420322e+01
7.264226497727952392e+01
7.293998490079705732e+01
7.318698726862160697e+01
7.354559466214176666e+01
7.378610206450620979e+01
7.404249324888540684e+01
7.440154487808939621e+01
7.460800184942851843e+01
7.485493152840203379e+01
7.516458206991624991e+01
7.537692670155017538e+01
7.564541478850092915e+01
7.593187100149987145e+01
7.611776136031144802e+01
7.635247402622195523e+01
7.660033959703372375e+01
7.681730488827973602e+01
7.706377542814625770e+01
7.728792236664875759e+01
7.752060181491768276e+01
7.771963783007966242e+01
7.794477082511468780e+01
7.814655399382341727e+01
7.837878903161488608e+01
7.856943656315922908e+01
7.872737753681931849e+01
7.906220827189511624e+01
7.912163021021565612e+01
7.936100462478431439e+01
7.959005862946136745e+01
7.970496181294628002e+01
7.994384599195925034e+01
8.014657782543028475e+01
8.029930177549152859e+01
8.046308131837729150e+01
8.064357816175309779e+01
8.086138094807182597e+01
8.106383562887282324e+01
8.110803981774543558e+01
8.139148910610069265e+01
8.148544176081924206e+01
8.175335506326899804e+01
8.181962366903503892e+01
8.199068884687400782e+01
8.222797694326062867e+01
8.237773795668547905e+01
8.251360238934294955e+01
8.259899829199544286e+01
8.288962796882258033e+01
8.290834406062096207e+01
8.313938731146168948e+01
8.322516755034016001e+01
8.339719386348947694e+01
8.360422451258399690e+01
8.368150975622356214e+01
8.383781779654098898e+01
8.401027950244686338e+01
8.412307124415676185e+01
8.428076224421326401e+01
8.437468299800600846e+01
8.460379199365971203e+01
8.471191484748078437e+01
8.481584419485733406e+01
8.497775249618456428e+01
8.505821068450849509e+01
8.525250388039893323e+01
8.531301943598687387e+01
8.545207238075659006e+01
8.566900589922097708e+01
8.574960341729884306e+01
8.587762343039423740e+01
8.597681887525757816e+01
9.566230062100268583e+01
9.988429018863060094e+01
1.032992989899950516e+02
1.052718839363820109e+02
1.071373213791762566e+02
1.087990802840928239e+02
1.103427715684304360e+02
1.110981294015541891e+02
1.127034102584936051e+02
1.131355590164105678e+02
1.143845700774173508e+02
1.151492087926199019e+02
1.156358024824995852e+02
1.162845990366428595e+02
1.168716961828917533e+02
1.176937768019030983e+02
1.181364134379300737e+02
1.185622409760281073e+02
1.189600541425424893e+02
1.200362115130439804e+02
1.202046023256580582e+02
1.206131425826376358e+02
1.209031771519043872e+02
1.213993930196298976e+02
1.221493956040564370e+02
1.222554381172757871e+02
1.223739178114747830e+02
1.232016496452121430e+02
1.238174172264307060e+02
1.237716367765640229e+02
1.242258412157014789e+02
1.242901221468478212e+02
1.247649078232912956e+02
1.252099984126483179e+02
1.253744015507749054e+02
1.256049281743786707e+02
1.258357474940733454e+02
1.267643687797998240e+02
1.266275680337512455e+02
1.268133842551749240e+02
1.271344635561735856e+02
1.274511207689941159e+02
1.279659899250307546e+02
1.279578445834135039e+02
1.279923429725855470e+02
1.284278113029112944e+02
1.291476770075984462e+02
1.289492355901722078e+02
1.291252149616147733e+02
1.291778291854265035e+02
1.302271280740723967e+02
1.299734042785071040e+02
1.301826790848473365e+02
1.303792112641338008e+02
1.305297259472117446e+02
1.308466318318755555e+02
1.312315893194931391e+02
1.313481365424599971e+02
1.312448427589573896e+02
1.316066129902229136e+02
1.322789393816437098e+02
1.322928982071286725e+02
1.322524040374944150e+02
1.324906161772125301e+02
1.326056002748735523e+02
1.335258740557410988e+02
1.331097429529452540e+02
1.328633567271052982e+02
1.335138013089007245e+02
1.337305987623264514e+02
1.339870139707292367e+02
1.341853724687280192e+02
1.339956255833238572e+02
1.343536515319804039e+02
1.348945306879966211e+02
1.348671700933523709e+02
1.348707782968367042e+02
1.348021845409683692e+02
1.355214467598045189e+02
1.355634742945519235e+02
1.356796883006171583e+02
1.355291127545849292e+02
1.359499288393488712e+02
1.362823511088899693e+02
1.364652422382395116e+02
1.364802000418984278e+02
1.362103164256826631e+02
1.369209684402873393e+02
1.369429394801179285e+02
1.374005983676580058e+02
1.370571258929321630e+02
1.372096257314992442e+02
1.375204683887205022e+02
1.378504918964901265e+02
1.378748549691613903e+02
1.379872472621586041e+02
1.377691292557951499e+02
1.386251619323267619e+02
1.386535645533110710e+02
1.383783554410113084e+02
1.383274473693356867e+02
1.387717288086757605e+02
1.396247369832571223e+02
1.389791311780735157e+02
1.390379323904172111e+02
1.395341699042626260e+02
1.393626779316792863e+02
1.403667855818069370e+02
1.396325195007618731e+02
1.397149429044511635e+02
1.398521889436074446e+02
1.404288007903199968e+02
1.405542193526937922e+02
1.403196308424362826e+02
1.404725812412371795e+02
1.406786331225832498e+02
1.411903500263964020e+02
1.411371462848749161e+02
1.409762579353609908e+02
1.410352928959849521e+02
1.414808701351004743e+02
1.508174927110702868e+02
1.561146679225201126e+02
1.604845084932956922e+02
1.656970182097504960e+02
1.651179492931140089e+02
1.693171445760475251e+02
1.709273429460137095e+02
1.712771987390293305e+02
1.720776640935594912e+02
1.723820982462186748e+02
1.738364174915124636e+02
1.747973070003975522e+02
1.765347421590775241e+02
1.760668977876073882e+02
1.767503920911586306e+02
1.774898677154527604e+02
1.778817534333154526e+02
1.791521561630158317e+02
1.803444105919686535e+02
1.794019552300050009e+02
1.792178645397148955e+02
1.810330904799603786e+02
1.812893035609716605e+02
1.817504000586272070e+02
1.820882898041855924e+02
1.810429165684012673e+02
1.818901563973801956e+02
1.847634940675629593e+02
1.842374676076475453e+02
1.833460141645283841e+02
1.838296466009998369e+02
1.846259367801102087e+02
1.848689817043066057e+02
1.870982712006711779e+02
1.864396503564176442e+02
1.853078921329279183e+02
1.858662681736180105e+02
1.860341422535900051e+02
1.882331325721184498e+02
1.879316452832073878e+02
1.869790031290013701e+02
1.871116022809189587e+02
1.872995804994316416e+02
1.882439690536977537e+02
1.896947986035048643e+02
1.897878642550937229e+02
1.873360172362804406e+02
1.893159937872711112e+02
1.890522122632164326e+02
1.935414625926007943e+02
1.898576102348794734e+02
1.897977900261868172e+02
1.890071720030897211e+02
1.912422670654685248e+02
1.917668449371915926e+02
1.920776554685121198e+02
1.913597599443303636e+02
1.909120381177337435e+02
1.910887424281945641e+02
1.926991381432982848e+02
1.943782764366522997e+02
1.922184786687113558e+02
1.917719597471850079e+02
1.919938252040839757e+02
1.939133627164724487e+02
1.947422970284425787e+02
1.937227125673989860e+02
1.939534456714314388e+02
1.936728737356293095e+02
1.934682825331556728e+02
1.955564060612558706e+02
1.955109993992398643e+02
1.942483890363381533e+02
1.954760096982159041e+02
1.934473766146951448e+02
1.962762266348158846e+02
1.966794962637574713e+02
1.960980872869261020e+02
1.960704592948044365e+02
1.948548904936553754e+02
1.968271833888338165e+02
1.964282152693296553e+02
1.985006912879976255e+02
1.974306320871868650e+02
1.961493738256567099e+02
1.961040531493387959e+02
1.978738774368534337e+02
1.978299289395376945e+02
1.990174575176385474e+02
1.977494321501556556e+02
1.967501841576536208e+02
1.972088407277951205e+02
1.990883575128689245e+02
2.004888212355434689e+02
1.990774630337141389e+02
1.970200679282654903e+02
1.986825135203366699e+02
1.993853230857460801e+02
2.004188123762191651e+02
1.999351359364928840e+02
1.998125463200330501e+02
1.986814723102706637e+02
1.996441980819416244e+02
2.011399369444480669e+02
2.003311319301674871e+02
2.010302368835406241e+02
1.990452992215240329e+02
1.996675302361086324e+02
2.014661143101909317e+02
2.028454587413158379e+02
2.018521647179039178e+02
2.009828903018722599e+02
1.988309754352105756e+02
2.024265067298989891e+02
2.033328738352579137e+02
2.027548676873926752e+02
2.011387081139542090e+02
2.014972848114207977e+02
2.019057202828363984e+02
2.331769672636292512e+02
2.365906562240056985e+02
2.380774233440180296e+02
2.317227029350459588e+02
2.407755589669103529e+02
2.462541844284559716e+02
2.468833481239605874e+02
2.479964799548357917e+02
2.523854087068214369e+02
2.524288005381503694e+02
2.545187116263061569e+02
2.553885391530512550e+02
2.561567840550038682e+02
2.566673912352345042e+02
2.560810612011181888e+02
2.599639240905224824e+02
2.589083231956680038e+02
2.601912601592329111e+02
2.606919153120234114e+02
2.603361330959775728e+02
2.615400436807821052e+02
2.621852035709449638e+02
2.634931493328342640e+02
2.627938323934587856e+02
2.634297084813004517e+02
2.637173084309126807e+02
2.648308670418846305e+02
2.651755449291497939e+02
2.665338822107177066e+02
2.661693662021363593e+02
2.663127517811216194e+02
2.664896172188978767e+02
2.675877919522872048e+02
2.680868452558068498e+02
2.676846282349771400e+02
2.685900125845826665e+02
2.685139650216800646e+02
2.694922157514899368e+02
2.695281661621771718e+02
2.704564832587741421e+02
2.703073542128310010e+02
2.711390297256047006e+02
2.707230967259698104e+02
2.705230684931590304e+02
2.713736103318191226e+02
2.713322955503605272e+02
2.719631343951504050e+02
2.725069731733522076e+02
2.730916285962033498e+02
2.730286406207770256e+02
2.731340655098249499e+02
2.743529841496120980e+02
2.738458662163812960e+02
2.741541463206474418e+02
2.743728310931305714e+02
2.753645656302770703e+02
2.741258755815196082e+02
2.755259381100168525e+02
2.764717433874830022e+02
2.757643817799202566e+02
2.767000593961361119e+02
2.762924669330574261e+02
2.765740380310788282e+02
2.760021958318321254e+02
2.773021376688083137e+02
2.776199451573547208e+02
2.776759482629579452e+02
2.783793677219865685e+02
2.784728813262082667e+02
2.773264555901348558e+02
2.785255651617180206e+02
2.797023207735822439e+02
2.781489325409178832e+02
2.790443161114412192e+02
2.792993663863521192e+02
2.871436370257060844e+02
2.726770848337856705e+02
2.808372764177224212e+02
2.800859610410046230e+02
2.810694765778515034e+02
2.934585809561367569e+02
2.682388562146783215e+02
2.782304361411842706e+02
3.035033477367734918e+02
2.711526286872528431e+02
2.815164419618525358e+02
2.825772365376755602e+02
2.813435152303364930e+02
2.819593507582890197e+02
2.831009116618338908e+02
2.830685151173777854e+02
2.821767990401699535e+02
2.837440107460893159e+02
2.823729434944152104e+02
2.832807083864370838e+02
2.843310878526178271e+02
2.835525190089517196e+02
2.840325188107015038e+02
2.842952491886759390e+02
2.850380608362694943e+02
2.836158275008106102e+02
2.851654541023593197e+02
2.842573281018336502e+02
2.855957066290055195e+02
2.848538745926996967e+02
2.857146707340241960e+02
2.845513947843496112e+02
2.860925331014428821e+02
2.867406200627349335e+02
2.858148212218669073e+02
2.868480385040346619e+02
2.856278006582323883e+02
2.873040784139625998e+02
2.856106823538494837e+02
2.866655058111484777e+02
2.886288080885759655e+02
2.864681661810267883e+02
2.864977850125473537e+02
2.876407282370812482e+02
2.870213818487488311e+02
2.883873756643213255e+02
2.885406386412657866e+02
2.267167262852644285e+02
1.963639452375142298e+02
1.795762408905627865e+02
1.679858378179548879e+02
1.591456756298451580e+02
