-2.647503125135329538e-02
1.008798602136140241e-02
2.285942098318548624e-02
-4.275957417313524384e-03
2.045601786758462215e-02
2.274539186482765762e-02
1.611179650910053371e-02
-1.766934407073277600e-03
-2.729580959695439638e-02
1.582909501097570087e-03
-1.875607846520107322e-03
-2.783289923315744162e-03
-1.298822911623044238e-02
-1.823628541190782174e-02
-2.334457649907556442e-02
-3.375385008117062768e-02
2.558009559996175797e-02
4.957414777405776823e-02
4.150793306067054184e-02
2.631613109603380199e-02
1.535931693056463189e-02
2.833094255469682278e-03
-2.602460219364711655e-02
-2.666060682635854745e-02
-5.587616071418357450e-02
-2.995237400958813967e-02
3.392761047338414826e-02
-1.573774520416116804e-02
