4.608941664428614082e+00
6.291008667179665004e+00
7.315953344003703229e+00
8.053548453436683019e+00
8.630599827101749000e+00
9.102654580539946139e+00
9.504613149351163415e+00
9.853042729282737611e+00
1.016113827243397338e+01
1.043709910393167739e+01
1.091648452207903475e+01
1.132164289748152264e+01
1.167288103843439551e+01
1.198307062062681716e+01
1.226075148774545909e+01
1.285011062536158910e+01
1.333154561265465965e+01
1.373957613143905476e+01
1.409247490928503410e+01
1.440421966641405405e+01
1.468326296114096507e+01
1.516608609806947072e+01
1.557429520594635086e+01
1.592801578308803734e+01
1.624052790359216658e+01
1.651972591251494649e+01
1.677225644653447389e+01
1.700293425279116377e+01
2.215421224393372057e+01
2.447137744895678324e+01
2.569653781907146239e+01
2.671543140063342392e+01
2.805467819217066605e+01
2.791351958119652465e+01
2.842038751719117684e+01
2.894076524398776229e+01
2.932235679841087972e+01
2.970050013367832165e+01
3.032365242736341671e+01
3.085282120897338842e+01
3.130799155451912341e+01
3.173026452509734341e+01
3.210468155613158103e+01
3.289942548805279898e+01
3.356423376052888585e+01
3.413836835139641579e+01
3.464484915249342833e+01
3.509931370512798310e+01
3.551185069878648193e+01
3.623763324164753641e+01
3.686838700525715495e+01
3.742571441845012714e+01
3.792836688675442502e+01
3.838213769360277894e+01
3.880303772262731599e+01
3.918228556555433784e+01
4.315438243014461506e+01
4.669239332057760805e+01
4.850516563499130740e+01
4.967302125810463309e+01
5.061152591177810933e+01
5.133986504078040980e+01
5.306620575919549765e+01
5.174582512506353282e+01
5.293165618829409169e+01
5.324091506776452576e+01
5.395498097068702492e+01
5.454855111731978212e+01
5.510893120517271626e+01
5.555777754700837079e+01
5.596306694216677613e+01
5.690470077353101175e+01
5.768630488793060351e+01
5.835519648637692569e+01
5.893437270138483797e+01
5.949705816616981480e+01
5.998077333642893194e+01
6.086480703512820156e+01
6.163896597656852805e+01
6.233645888779737732e+01
6.296231904116221756e+01
6.354030621847913096e+01
6.407354617758073800e+01
6.451733958313074879e+01
6.740040627075508439e+01
7.307589987844096413e+01
7.510244723491177865e+01
7.638588123371762606e+01
7.731526839082070524e+01
7.840567613850623729e+01
7.892005782494028665e+01
7.951900181511116728e+01
7.987269248713406000e+01
8.040379333066050549e+01
8.123686337669425939e+01
8.187449917649489350e+01
8.244875220424211193e+01
8.291637701137852901e+01
8.335127203566085541e+01
8.438134250552457161e+01
8.517112556491287023e+01
8.591014061644092692e+01
8.656972863141182017e+01
8.716337578464020908e+01
8.826808513096700892e+01
8.914470891445475331e+01
8.994646415107929727e+01
9.071296199494869938e+01
9.141294214606759283e+01
