1.408271446605480204e-01
-1.787194951462578452e-01
-1.542250469359880971e-01
-1.265131829244379169e-01
-8.863782184775624573e-02
-8.516034366432695402e-02
-7.272066835598406387e-02
-6.782944850683658711e-02
-6.521267042925721347e-02
-6.561332999716405767e-02
-3.393942282486424322e-02
-1.034590056979693001e-02
2.468756156294410584e-04
2.767415952034968721e-03
-1.567468424636830285e-03
1.904128670591512251e-02
9.201030481049112669e-03
3.460663640354333381e-02
2.939918986742400681e-02
2.667282012929826987e-02
3.330492337374835882e-02
4.665880593992204756e-02
3.552494720387976840e-02
9.379960905452344733e-03
3.245568363586561617e-02
4.423046223229747803e-02
3.660423031733462534e-02
2.736762856744187622e-02
1.206999743872635977e-02
9.589688530930519372e-02
4.499950463893706565e-02
8.423017048025256692e-02
4.604205201546415771e-01
2.291289996123524186e-01
8.474761515996860617e-02
6.792491675231589199e-02
3.832708209670259575e-02
3.090941109608896439e-02
2.341047679255544092e-02
1.757325887115396279e-02
3.139748622849168440e-03
3.169918593023850813e-03
6.416349721993181397e-03
4.562610322222869844e-03
-1.064471412830820521e-03
-6.161037805053439127e-03
-9.864271149087557380e-03
-1.128693788371878601e-02
-1.108742136489876580e-02
-1.715125463391540747e-02
-1.971850557678395469e-02
-2.333730640787769206e-02
-2.019202049200661056e-02
-2.682206659222157591e-02
-2.357730944571429302e-02
-5.584854058905210084e-02
-9.148668568116599675e-02
-6.484291366758244968e-02
-5.300340423679601037e-02
-4.804482065725117906e-02
-3.926488398295160248e-02
-3.095762474933157898e-02
7.096278020576186896e-02
-4.563214450270133143e-02
-2.376141297871462929e-02
-2.507022399259244833e-02
-2.290871114293687241e-02
-2.312766623710997907e-02
-1.801619377810551037e-02
-1.754593197155837961e-02
-2.042592434505910090e-02
-1.837673324942189212e-02
-1.475141096617239335e-02
-1.327026570211489384e-02
-1.906836382515246855e-02
-1.641497493519899348e-02
-1.815725427354839341e-02
-1.957462894445548968e-02
-2.113758970035684720e-02
-1.971286542227750072e-02
-2.080374741582861203e-02
-2.185489195690983738e-02
-2.431024550661281536e-02
-6.183888929575755838e-02
-9.225042059589111387e-02
-3.619229915007952242e-02
-2.489681595803969888e-02
-2.157190683082320024e-02
-2.219212860983037910e-02
-1.302018959584290599e-02
-1.312920063848583598e-02
-1.071159722429495219e-02
-1.367383937843842830e-02
-1.211704962943230095e-02
-7.733438662583915282e-03
-5.290983155207249801e-03
-2.676276711719968119e-03
-2.329719511749132714e-03
-2.855939279090178098e-03
7.274965076444310508e-04
-1.861882515963062023e-03
-3.362637860314105897e-03
-4.487941221115151862e-03
-5.778763720312451307e-03
1.907890249341823207e-03
3.895063904696878542e-04
-4.686686388411057461e-03
-5.994280134246172606e-03
-6.812884114867594557e-03
