4.766820680569455959e+01
5.022610966568834812e+01
5.653157621839690705e+01
5.928337196603199288e+01
6.243925057008151214e+01
6.287660497827521056e+01
6.394654904957290853e+01
6.544369435670553514e+01
6.672173880042997496e+01
6.639585238505924281e+01
6.719424817605585076e+01
6.874517485850556398e+01
6.804106046708437816e+01
6.981041212558369580e+01
6.856441977695664036e+01
7.056702272299810375e+01
7.045072601147936098e+01
7.082291740760165055e+01
7.122530942591902203e+01
7.149105473984948844e+01
7.159753704004603492e+01
7.205246244391267396e+01
7.249576823471011267e+01
7.324304005489491942e+01
7.260080530309872415e+01
7.318156878806894383e+01
7.310207803648771119e+01
7.424766822267318389e+01
7.340185607126755940e+01
7.441026932939384153e+01
7.461479499551836625e+01
7.442588938169464541e+01
7.502952615202238462e+01
7.446728969004780652e+01
7.585936262908674621e+01
7.453678534313777959e+01
7.591605550691915028e+01
7.588943218519958123e+01
7.578622079280435742e+01
7.601804244301668234e+01
7.590732213277020435e+01
7.613152756860031900e+01
7.627969897244015840e+01
7.618324766785215729e+01
7.675955217410533749e+01
7.704343049657033760e+01
7.650283647774054430e+01
7.753041752207209925e+01
7.715195400074671284e+01
7.703819732873191128e+01
7.776793968360523479e+01
7.772099664588617429e+01
7.779314998411228999e+01
7.757328225311650272e+01
7.829414698103855130e+01
7.857804841478285596e+01
7.791568370232718621e+01
7.848504562291091702e+01
7.801363810795345444e+01
7.913691712271767642e+01
7.861139375680724584e+01
7.869022229893357689e+01
7.944646308386339228e+01
7.906110275922287656e+01
7.860415698512562699e+01
7.940187038175963608e+01
7.966724480553629917e+01
7.891479485541375993e+01
7.978148601190379452e+01
7.936435259222830041e+01
7.989038499839725205e+01
8.000335815060338973e+01
7.975213979424870558e+01
8.008077876861187860e+01
7.999666462952559698e+01
7.962230814039649829e+01
8.077068816129394691e+01
8.012546501126109888e+01
8.105573659501152406e+01
7.978018940718243357e+01
8.094735026525864896e+01
8.010607605900413830e+01
8.127297728821781675e+01
8.093649951424256983e+01
8.023867816066965020e+01
8.149929734614660504e+01
8.091799903186033305e+01
8.079744546897686064e+01
8.140204570842394105e+01
8.103732146575794104e+01
8.122892083633141169e+01
8.146804663676842040e+01
8.199838440508207782e+01
8.097696829445567346e+01
8.203685664867415994e+01
8.101508256593285751e+01
8.180579983973244396e+01
8.202451433225041910e+01
8.117070563059799326e+01
8.236936354214638811e+01
8.218906976901753580e+01
8.266354140522440730e+01
8.238464918432572404e+01
8.238697877169994399e+01
8.206732640541316925e+01
8.282749800227355763e+01
8.271550140051027711e+01
8.294269315025056244e+01
8.290253416335289671e+01
8.223340188227660974e+01
8.308737504849398192e+01
8.263418749214233117e+01
8.285839258963956411e+01
8.349510114864202137e+01
8.253207058956415665e+01
1.017311866773844997e+02
1.031494172567656591e+02
1.039413313850690628e+02
1.062225269688649121e+02
1.076547325763816616e+02
1.094209834994711485e+02
1.111251836364857866e+02
1.117597104860621755e+02
1.122172572903371872e+02
1.127554505010905928e+02
1.124932457750377353e+02
1.130701807863880646e+02
1.134368106564680119e+02
1.135393165866170477e+02
1.137132084846920463e+02
1.141817325751051726e+02
1.144745354081546509e+02
1.144534350437381818e+02
1.145638435060216409e+02
1.149455230779614681e+02
1.152657635573473556e+02
1.150524602008217414e+02
1.151122106497268049e+02
1.154450286464366116e+02
1.145821095293296707e+02
1.151271700140034682e+02
1.157253994204515664e+02
1.159874330230786086e+02
1.153592400781086837e+02
1.164751976682621972e+02
1.166735159979544818e+02
1.162848894692975676e+02
1.168112125017609344e+02
1.170020453444753628e+02
1.168844108573487119e+02
1.163769688340457265e+02
1.170049407178624250e+02
1.174656633551457787e+02
1.167574469363667617e+02
1.177977807933635574e+02
1.170300140670663893e+02
1.179563818486712989e+02
1.178244562057289784e+02
1.176636808075339502e+02
1.175296897750280749e+02
1.176719309481509441e+02
1.182300662953350354e+02
1.180085019815824552e+02
1.183138086660707131e+02
1.182290797424191169e+02
1.182820940783670949e+02
1.182507084981657499e+02
1.184406515262815702e+02
1.184905818990513637e+02
1.185673862953023843e+02
1.187266365924723033e+02
1.188572946548878804e+02
1.191818329827312937e+02
1.189766061031646132e+02
1.188269278998976546e+02
1.190095239285074769e+02
1.192471234750473172e+02
1.190671947574595322e+02
1.193309006557729504e+02
1.196776437113877591e+02
1.193562771388391184e+02
1.193121679858736428e+02
1.199071043461049726e+02
1.197782153921916546e+02
1.196765914585789403e+02
1.196299922452692499e+02
1.198328770267119694e+02
1.197017274950972023e+02
1.200982217698843897e+02
1.199102615946966353e+02
1.201664103849386009e+02
1.201996877778831276e+02
1.202882974357171690e+02
1.205151853309453429e+02
1.200189205333344944e+02
1.202445747741060273e+02
1.202753150057775287e+02
1.209177648388116211e+02
1.205020517316978328e+02
1.207540544722118057e+02
1.208107580298977268e+02
1.205055268808741289e+02
1.205614915929374149e+02
1.211174797015773237e+02
1.211444093247607441e+02
1.208373854627841268e+02
1.213645543631255066e+02
1.210010910338710772e+02
1.209986248925680314e+02
1.211349567173542141e+02
1.208822620428761923e+02
1.216571576792062785e+02
1.212917364924010286e+02
1.215377884588327504e+02
1.217004394031193755e+02
1.214449659648628028e+02
1.213288445439957997e+02
1.217958152162449181e+02
1.216509211992071187e+02
1.216448048993424891e+02
1.216660623719402992e+02
1.215758447939852260e+02
1.224595104191979686e+02
1.212011282584327461e+02
1.221931098733336398e+02
1.222685540197881267e+02
1.220374945497336796e+02
1.219177283982822360e+02
1.222145573985098537e+02
1.219829457055569293e+02
1.226411655929385631e+02
1.223250077766441137e+02
1.218708205216815372e+02
1.223879846204681030e+02
1.227671723366820089e+02
1.222833101877469630e+02
1.336751309910393388e+02
1.414556203326671096e+02
1.473415197477590937e+02
1.497708112432698044e+02
1.511435413469421576e+02
1.525669031742550601e+02
1.533978214871152375e+02
1.532825951209566711e+02
1.540861976460659264e+02
1.539340121377764206e+02
1.552406935617814270e+02
1.546117243617991619e+02
1.547698438859162593e+02
1.553775941729036845e+02
1.556026287088405695e+02
1.554160951836427387e+02
1.564252250764692462e+02
1.559427092791350447e+02
1.567205194056590472e+02
1.561314967371484670e+02
1.572686375881507104e+02
1.566677321490970485e+02
1.565268768450431480e+02
1.575870945571821267e+02
1.568806825062152939e+02
1.577785493734997146e+02
1.572811261795095277e+02
1.576775619667212709e+02
1.579162267739471019e+02
1.582762531047681023e+02
1.575817091735362112e+02
1.584618878659433676e+02
1.581643155909119400e+02
1.586691935497004238e+02
1.585529144172877523e+02
1.585587458717888580e+02
1.586860256101740276e+02
1.585646792386670541e+02
1.593386312133318370e+02
1.585945934621709625e+02
1.592105050439924412e+02
1.588657662369340073e+02
1.595719423954791409e+02
1.595956242380385106e+02
1.592159798287756303e+02
1.597633140908019413e+02
1.593810742061860424e+02
1.596786530707952352e+02
1.597892558428219161e+02
1.595588671672472287e+02
1.602243193075520651e+02
1.599295583178903257e+02
1.596036420261992248e+02
1.611964046252326170e+02
1.598756578951390566e+02
1.599180888911826059e+02
1.607018177481214707e+02
1.602161750848692066e+02
1.603485574014485451e+02
1.607587166194924180e+02
1.608900317891597638e+02
1.606796685400179285e+02
1.600984262633684239e+02
1.614028910988537291e+02
1.608496895114668348e+02
1.605754169044030562e+02
1.610424111712052593e+02
1.610756945417338670e+02
1.612945277321339859e+02
1.610482198167520664e+02
1.616992312250202986e+02
1.612348064852748166e+02
1.614513232589847007e+02
1.615122261217567257e+02
1.614799401751377275e+02
1.616019475068223699e+02
1.619709532740290001e+02
1.614420583600430632e+02
1.619647890479091359e+02
1.619300113676490014e+02
1.621734477329866309e+02
1.617662868652456041e+02
1.619159782575000293e+02
1.617249212924851349e+02
1.629267424090639906e+02
1.619907849129514261e+02
1.624173228329290737e+02
1.622243293052197828e+02
1.623406185945589755e+02
1.624873706511477280e+02
1.626336346195119802e+02
1.627179973547181646e+02
1.625539102309146529e+02
1.626993885804396029e+02
1.626276499367593829e+02
1.626484408448821455e+02
1.628855272942057582e+02
1.630915675426738289e+02
1.627089502554825913e+02
1.629449969258593569e+02
1.631810190975395471e+02
1.630139331059902474e+02
1.630636198493393181e+02
1.631126663260055807e+02
1.630379526619651074e+02
1.635819153918721724e+02
1.628567620441906740e+02
1.636472491739415887e+02
1.631997342573935725e+02
1.638354777752336418e+02
1.632017076719919260e+02
1.640228022348900083e+02
1.636975279067326596e+02
1.632798471558532185e+02
1.640999724224989791e+02
1.634648106600477320e+02
1.638506809257857810e+02
1.641129367519298796e+02
1.637557728632719432e+02
1.639551922341450165e+02
1.792190203697778088e+02
1.815092768034205619e+02
1.835957311001659491e+02
1.881677920454427237e+02
1.909706426538671167e+02
1.924271940208632259e+02
1.928552486099264911e+02
1.936052409538433210e+02
1.945897837741031537e+02
1.941428892375206203e+02
1.949792807807182839e+02
1.949950648578621610e+02
1.945955667009014576e+02
1.959228067165824427e+02
1.955993235912370665e+02
1.960367404967255993e+02
1.961984553527977937e+02
1.964865952686045318e+02
1.957979802586773417e+02
1.970111844869173865e+02
1.964112078129386418e+02
1.970120403612765188e+02
1.971396090412264925e+02
1.968283241066682194e+02
1.975847110471674739e+02
1.969981591594879546e+02
1.977814892713869028e+02
1.972224629994675524e+02
1.980673312210428492e+02
1.980720383014168533e+02
1.979740932520755337e+02
1.978740470305942836e+02
1.985088052887315655e+02
1.981365897990161500e+02
1.987340251559584487e+02
1.985252852072742371e+02
1.984493215069739165e+02
1.987400577711900382e+02
1.986275819726643590e+02
1.987811328467487613e+02
1.993694807359920560e+02
1.986494440585540815e+02
1.990001669045705341e+02
1.995174746419619680e+02
1.992961257232131516e+02
1.993756372883180461e+02
1.995544465732422168e+02
1.996314984775553967e+02
1.997748928960805017e+02
1.996491454794259255e+02
1.993553324389137060e+02
2.004004893745039340e+02
1.995012304479546117e+02
2.002765354131451545e+02
1.997110170858653362e+02
2.004846960685256363e+02
1.998839561332248991e+02
2.003211005056079443e+02
2.005566052889799948e+02
1.997870333267150613e+02
7.784481936073495945e+01
6.487078270300142435e+01
5.863841306533366549e+01
5.451267550904732673e+01
5.143169774415122930e+01
4.897673171127161851e+01
4.693913628100848001e+01
4.519974739430104194e+01
4.368408498781970906e+01
4.234246501730411438e+01
4.114008291264713790e+01
4.005161127121397868e+01
3.905804613366072431e+01
3.814476476536230365e+01
3.730026624545813263e+01
3.651535317097094691e+01
3.578254815133183797e+01
3.509569243691554163e+01
3.444965080820948344e+01
