1.469682471465368068e-01
-8.481766620649904692e-03
2.384528067025511525e-02
1.394110182228771623e-02
4.418491342194260513e-02
1.984746842243904907e-02
1.017430830245239469e-02
1.870859755694236071e-02
3.270996960813100929e-02
8.007669611820672495e-03
4.407186491717155277e-03
2.688560047754738266e-02
-1.065565324590281391e-03
2.629031430206996145e-02
-1.362267058607483268e-02
1.585785052854475977e-02
8.197094726179705165e-03
7.906767022479001608e-03
9.026721998713030382e-03
7.558973038569006576e-03
1.300995420373325879e-03
2.203554618890105760e-03
5.167949586014531846e-03
1.876372582337722944e-02
1.216827690684904855e-03
5.097468028188141022e-03
-4.141915735531181454e-03
1.526803538676678278e-02
-6.261799377892804039e-03
7.703525370430108592e-03
1.078747483717319017e-02
3.556794456018673185e-03
1.232111940813016004e-02
-4.191857771333084431e-03
2.099178124437078852e-02
-9.333252216665447951e-03
1.177118745113500502e-02
1.172581778826450351e-02
7.272966414687861807e-03
8.206343097086045424e-03
1.260518589334921761e-03
-3.133387065535089789e-04
-2.866978264033228068e-03
-1.152850560130957817e-02
-6.119442531456243707e-03
-2.740135584925212746e-03
-1.818174671516271240e-02
-2.647189828264018448e-03
-1.130398844162619661e-02
-1.938407211906578720e-02
-9.516513777596297130e-03
-1.155749876527449767e-02
-1.265399151223592020e-02
-2.141959362416310381e-02
-1.118234325830358075e-02
-4.428888512108062302e-03
-1.880154801285376792e-02
-1.220249676059091161e-02
-2.544215507584731209e-02
-6.862040902492221386e-03
-1.628434425949645478e-02
-1.839420649722178086e-02
-4.407954967117748250e-03
-1.037411918801136798e-02
-2.365296716634575358e-02
-1.318338073720123037e-02
-7.341778107904496295e-03
-2.396194368792131310e-02
-1.156065926234175339e-02
-2.089849358852855984e-02
-1.357108022154420758e-02
-1.105827588210337581e-02
-1.694785976803177621e-02
-1.289694341713714873e-02
-1.587951218649567842e-02
-2.760939974272451705e-02
-8.592191287248628420e-03
-1.981923172303949252e-02
-2.005493383025682037e-03
-2.677094017653440863e-02
-9.210297435641624439e-03
-2.660477356420040337e-02
-7.173846344949001003e-03
-1.072954439347518184e-02
-2.743012040999335058e-02
-6.910290372837074938e-03
-1.619011499674422039e-02
-2.201462075085669837e-02
-1.305444324788652272e-02
-2.074175384184341608e-02
-2.032392532302234808e-02
-1.743990540605038289e-02
-5.824233959360158863e-03
-2.524833391085934756e-02
-8.388328164069399143e-03
-2.880679039842735240e-02
-1.932782397999717114e-02
-1.589509106908061631e-02
-3.594462198362095157e-02
-1.903875604356490558e-02
-2.118592820030474472e-02
-1.094717785372282745e-02
-1.347280624054333215e-02
-1.695110060172403191e-02
-2.608905582015685898e-02
-1.465712943483337034e-02
-1.545327974716678016e-02
-1.032026625922675099e-02
-9.444707814204009871e-03
-2.411820174751190884e-02
-1.183533689887054409e-02
-2.069417931987816914e-02
-1.963405362751235658e-02
-7.257183764123492295e-03
-2.508053438889090714e-02
1.491514889701099911e-01
1.067424791167905090e-01
5.876111445626437668e-02
4.281514287135593233e-02
2.685180577168987115e-02
2.510533185328471875e-02
3.308798610124334683e-02
3.326472453255819445e-02
3.290081470949655917e-02
3.523399381672088354e-02
2.613560831409236784e-02
2.731909201735241433e-02
2.765599930051490518e-02
2.475535183027922220e-02
2.230835302142481283e-02
2.462134162073986721e-02
2.619435395977843736e-02
2.348302185840327183e-02
2.153983498103394581e-02
2.368854181141477611e-02
2.654055814570193197e-02
2.193012670704864303e-02
1.914244630151011248e-02
2.022670993813078383e-02
3.458000164901639788e-03
2.198396756563846324e-03
4.801841522146188534e-03
5.476304754039541291e-03
-6.872989719322820414e-03
2.931402004552273975e-03
5.433728539992427158e-03
-6.778787822226344613e-04
4.042192729067953585e-03
6.475614076815250537e-03
4.671363815254617712e-03
-4.785084813147125367e-03
-7.854970236413753339e-04
4.327938175042881155e-03
-6.203897301687927995e-03
4.805849968431263192e-03
-5.629970111410687733e-03
4.196042589155803658e-03
3.464010421331427218e-03
7.276932777454834730e-04
-3.324749038849304957e-03
-4.632641726490832612e-03
8.646244400882086402e-04
-2.364547084303828938e-03
4.094914849190847586e-04
-1.273867295530989796e-03
-1.984822992830721517e-03
-4.174873944320100366e-03
-3.728498446244155572e-03
-4.651445339543167599e-03
-5.346464117882770810e-03
-4.775865013906506820e-03
-4.062816904873571382e-03
6.123649398753095887e-07
-2.297714844690366878e-03
-5.653703988453033340e-03
-5.460637706877060314e-03
-3.666150217286977438e-03
-7.069306415194522887e-03
-5.440236220763461535e-03
-1.216092493252023208e-03
-5.228736694109927842e-03
-7.681095858512870800e-03
-1.211017396599048737e-03
-2.093856294111788151e-03
-3.890734333730275479e-03
-5.984432390158848404e-03
-5.056488014992386280e-03
-8.221143980124200751e-03
-4.746775407348085771e-03
-7.810883633899556346e-03
-5.880179834271443730e-03
-5.982333250968647174e-03
-5.437327396267951224e-03
-2.617155943831921822e-03
-9.540986091324116236e-03
-9.364259363136831146e-03
-1.097797181097224205e-02
-3.629791040926864162e-03
-8.179689004210198566e-03
-5.917744021820423028e-03
-5.263007272561861204e-03
-1.001801946737690754e-02
-1.178999950625018132e-02
-6.111982938305620013e-03
-4.956070460733204112e-03
-8.970345454921695161e-03
-2.960901422892052697e-03
-7.067066403054327213e-03
-8.578962932574520084e-03
-8.393181208962478823e-03
-1.342129963905678604e-02
-5.237810389397438635e-03
-9.153444125631609446e-03
-6.771966835413220295e-03
-4.323369377847757940e-03
-7.344354502995280830e-03
-1.033166689862906155e-02
-5.780099929513130008e-03
-7.519695064003155925e-03
-8.495798219890767639e-03
-9.432294643789527686e-03
-1.219414961386487001e-02
-1.482693894041724973e-03
-1.688557718513809466e-02
-7.732893647056536188e-03
-5.825312816344454733e-03
-8.258308101936267381e-03
-1.088879529752714154e-02
-8.480639454542238803e-03
-1.219593787692575988e-02
-4.649990224832544622e-03
-7.400795047819916372e-03
-1.456607787097949185e-02
-1.075149836177542208e-02
-5.845359545096234268e-03
-1.141418524239328630e-02
-9.742179185565193536e-03
-3.518364418635394533e-03
1.421022134774925678e-02
1.650411247407290033e-02
1.571260876749085850e-02
2.009462844624110636e-02
2.267464208956086053e-02
1.662631504705951169e-02
1.916875372055336715e-02
1.324865353128608370e-02
2.215771473961047899e-02
1.403974119024129809e-02
1.082323158440284989e-02
1.252013878155335165e-02
1.187126502477013450e-02
6.759066329889045974e-03
1.344591573279301996e-02
7.329914640931677397e-03
1.235426885396386475e-02
4.979384294938462435e-03
1.349498002862515797e-02
7.243114082410477897e-03
2.645420244432767319e-03
1.017763311242512667e-02
2.410634415028346800e-03
8.590545827781072633e-03
2.913492440832996574e-03
4.268090523106856000e-03
5.201218020489884603e-03
8.081229174669045390e-03
4.459305315111874741e-04
6.473069518560734849e-03
3.123230484371926092e-03
6.764100525277727018e-03
5.441487661343342996e-03
4.457542846502044777e-03
4.388530241143615354e-03
1.732759779917472567e-03
7.935018017495142767e-03
6.176372263331565172e-04
4.358926903154696809e-03
1.565016745219022389e-05
5.186137932380169117e-03
5.770699785653405842e-03
1.642918486815677986e-03
5.520961466058544632e-03
1.381896485567978483e-03
2.530349877098137922e-03
2.647631078305285549e-03
-8.085319430603449048e-04
4.078618248797205061e-03
1.225027012993902889e-03
-3.672892136135788924e-03
1.046104144018618516e-02
-1.164651097021888651e-04
-2.280962640786477792e-03
3.469190086020531878e-03
-1.277667738371649321e-03
-1.878070908635640817e-03
8.172739321028266515e-04
2.064304308849213877e-03
-1.018784282554947358e-04
-7.539696084910736673e-03
2.397582133978825528e-03
-2.032237855252869499e-03
-6.276289412170918923e-03
-4.091973108874491505e-03
-4.732869218824338649e-03
-3.521292611202621152e-03
-6.590012256291441321e-03
-1.444970803271293947e-03
-5.579845769403954554e-03
-4.806457190664642151e-03
-4.993285773209779274e-03
-6.174239143334354571e-03
-6.123720073307440878e-03
-3.152306722087766001e-03
-8.365224799256547328e-03
-5.014165978160043530e-03
-5.507500869027883751e-03
-3.451328367471785240e-03
-7.490731079305691827e-03
-7.687862906638370450e-03
-1.108042173406201258e-02
-7.921062098091367475e-04
-8.065711712609269918e-03
-5.314064412830327502e-03
-7.470999310168567782e-03
-7.454829587179652613e-03
-6.835576514122029997e-03
-5.802840618089182348e-03
-5.007935485184055076e-03
-6.707540299086285802e-03
-6.096563179938534714e-03
-7.368335472727479719e-03
-8.212428330955520717e-03
-6.905713968641197589e-03
-5.093394944638170857e-03
-8.812915258454805459e-03
-7.928976578920178195e-03
-6.214263948527985575e-03
-7.924405274188323772e-03
-8.313055170047423809e-03
-8.705778243458689794e-03
-1.039983855691183762e-02
-6.130499091431257722e-03
-1.300900094664366076e-02
-7.391408833136099525e-03
-1.147966980827106256e-02
-6.388015975897199349e-03
-1.201630064034285746e-02
-5.389661232543776354e-03
-7.362077294900987168e-03
-1.195436398918099143e-02
-5.612850280664591351e-03
-1.110899380338376333e-02
-8.912246692023112829e-03
-6.499939995571866851e-03
-9.623083010727190995e-03
-8.692201788777675214e-03
3.925605264582515685e-02
1.258270148289512141e-02
-9.086600557644914852e-03
-2.177862144072021267e-03
3.540639706092401934e-03
5.866362256650744893e-03
3.059070639319995486e-03
3.492021178516164191e-03
7.637546764154558472e-03
1.876357569070550169e-03
4.885969557575308396e-03
2.953876058932163214e-03
-3.212144180496114693e-03
3.469103185295026575e-03
-6.511054974293173760e-05
1.232564628177930041e-03
1.121680219918794229e-03
2.123142808335058782e-03
-4.761536987939427555e-03
1.755130370099980538e-03
-3.501306774918327026e-03
-1.033282414785432080e-03
-9.670629568023945619e-04
-4.624522053784080322e-03
-6.834870289074880404e-04
-5.953941633874005289e-03
-2.001284342786098860e-03
-7.117967081717122002e-03
-2.634158787379528924e-03
-2.725705811305578850e-03
-4.023199978691661440e-03
-6.015939333429554461e-03
-2.483002191316613372e-03
-5.612360414881001347e-03
-2.154890281144008699e-03
-3.776359832530077829e-03
-5.301211276229087464e-03
-4.301493596473963087e-03
-6.005415904375386270e-03
-6.148898191745414549e-03
-2.407294809992304493e-03
-7.943792786799337355e-03
-7.214516643982138260e-03
-4.178268511206405071e-03
-5.851792201660366982e-03
-6.022934419718965066e-03
-5.358451140900426929e-03
-5.201990231113033311e-03
-4.487431239928687220e-03
-5.795019903476674762e-03
-9.179506578560434407e-03
-2.622194535856436481e-03
-9.018913177356301450e-03
-4.714541183529841542e-03
-9.216816022430143751e-03
-4.699833186249457312e-03
-9.260042563974715465e-03
-7.431437208749501998e-03
-6.039072558789940898e-03
-1.243174399306448512e-02
-4.582684120742786527e-01
-3.843331650037305480e-01
-2.283910680778606095e-01
-1.141671295102203026e-01
-4.351557803466458291e-02
-6.636756055617894570e-03
2.081700966028354402e-02
3.725552116302332378e-02
5.284546545902128051e-02
6.582817547595394558e-02
7.653687923335078525e-02
8.178013254214795691e-02
8.378096245065293213e-02
8.534963199356457308e-02
8.465595701472633516e-02
8.422273490412075792e-02
8.535171175899496088e-02
8.333847607474469121e-02
8.409485527138158001e-02
