-4.599558116844196243e-02
-4.380732848129047230e-02
-4.422345186992699545e-02
-4.457415835325692632e-02
-4.061757392172041931e-02
-4.011619766571442036e-02
-3.825533329648934944e-02
-4.276531259253687350e-02
-3.640572928363811772e-02
-3.505928193081588734e-02
-3.788458411304061746e-02
-3.492635657098522306e-02
-3.107668175588811782e-02
-2.733775537734388361e-02
-3.363995524529865555e-02
-3.873673758312384807e-02
-3.346109157474834450e-02
-2.690862332516156391e-02
-2.981180653755837254e-02
-3.221587258698829087e-02
-3.157530455983057621e-02
-2.248408414358700480e-02
-2.568942269187114019e-02
-3.250563254958192122e-02
-2.995750309247822638e-02
-2.363378161267619057e-02
-2.126102457236765317e-02
-1.808411136983243891e-02
-2.422089193623349831e-02
-2.494680754396177286e-02
-1.675508682894342669e-02
-1.956702966482261330e-02
-1.935562842503509712e-02
-1.314278991227915867e-02
-1.531822999359827055e-02
-1.027499704941132498e-02
-1.734215164280733523e-02
-1.458367743794229156e-02
-1.783869178071723419e-02
-9.171572975758698898e-03
-1.528499913458806342e-02
-1.084348845928310122e-02
-1.368255625616263821e-02
-6.980243791475840287e-03
-8.784080307838450577e-03
-6.482624931008609814e-03
-1.234652273186443230e-02
-5.580817341535408531e-03
-8.670616003797764967e-03
-8.827897650736665422e-03
-5.466738592317423907e-03
-4.154726296021584060e-03
-1.974317581496053305e-03
-7.906118893121627175e-03
-2.517738887786503434e-03
-4.437526871695445657e-03
-1.124368759048223736e-03
-3.578198955325889458e-03
9.576157116117017332e-04
-9.851131022183979430e-04
-3.813444872741303740e-03
1.923238172639133098e-03
4.847972722084935662e-04
-1.805765534561209291e-03
1.416215558618511656e-03
-1.727836257416598409e-03
-3.337244112899893922e-03
7.120755779000163301e-03
2.290031911450197098e-03
1.911016808703220682e-03
3.145182598226399680e-03
1.850639903777047835e-03
4.910709484102226269e-03
1.019268037489024122e-02
4.972628415339483930e-03
9.227673203989669379e-03
8.422272804473674920e-03
1.079595060511542338e-02
3.313778458514818424e-03
-2.711712368370953335e-02
9.435219065882065326e-02
6.590565107854472193e-02
4.173806084711158965e-02
2.769279840041599314e-02
2.082686865125975978e-02
1.408430423180545739e-02
9.012164962901365872e-03
5.683458406050539286e-03
8.737244252240861792e-03
-1.807154169152049190e-03
-1.818137941026609769e-03
-2.877669801681318786e-03
-1.890955865566961141e-03
-5.607813330599254256e-03
-5.050210863485740664e-03
-5.631724534662335517e-03
-3.253283639283153800e-03
-9.088580380302576506e-03
-6.583100540693613729e-03
-6.331092050424178691e-03
-6.560255918730830207e-03
-5.917650395959875124e-03
-7.836854984890227402e-03
-5.321692913218632054e-03
-5.225707698202749531e-03
-3.565631674536046038e-03
-4.976196155082877534e-03
-4.927245960118435512e-03
-2.525305383635668630e-03
-2.173471230735412717e-03
-3.751768072068654373e-03
-2.659922605819214133e-03
-2.103751599016712159e-03
-3.833672931009642418e-03
-2.956470910787560059e-03
-1.787925187675059409e-03
-3.909881502969950878e-03
-1.274577551912187601e-04
-1.574054468631063504e-03
-3.598414344547758246e-04
3.941049040157946159e-04
1.110482401286846509e-03
1.363844529912831621e-03
2.125130445198808622e-03
1.025123314590694820e-03
1.613663643049606826e-03
-1.133636777373685321e-03
2.391351272244188458e-03
1.945701628410161348e-03
4.060278950989539351e-04
1.239359095912130170e-04
2.163476477299129154e-03
-1.966294923977018969e-03
1.598191311946629009e-03
1.823747068237499872e-04
-4.085711186550696991e-04
3.643809657989956381e-03
-2.502205842061743218e-04
3.424183499104137274e-03
3.507266634985968089e-03
1.990672827425305977e-03
9.804469339283682864e-04
2.901345718232177778e-03
3.237305311267302081e-03
5.033858693756889172e-03
3.971514448489059032e-03
3.943085036169537670e-03
7.168631101745866034e-03
4.494119326433536864e-03
4.733663942856750073e-03
6.648393907916778922e-03
7.613658755931858486e-03
6.152305217475253357e-03
5.721677577590753537e-03
3.929447156468890770e-03
6.604879689383955435e-03
7.824087214929874648e-03
6.630672777832881219e-03
7.295948832995532811e-03
5.147159029629437901e-03
6.514331735870303002e-03
9.664360048789439814e-03
8.839129380748562276e-03
7.172293919261345588e-03
8.399147773303215769e-03
8.171608347149101476e-03
7.727886527864481075e-03
1.153972626317183343e-02
1.056387781683815891e-02
7.612697671167471293e-03
8.671159746455329304e-03
1.265624111470353870e-02
8.653719718794595714e-03
9.687815558873050931e-03
1.032266014909882269e-02
1.375661104884712965e-02
1.272254267712926053e-02
8.901835078927191475e-03
1.133592913055174456e-02
1.038934167330750682e-02
1.283814710214357599e-02
1.208619350442746189e-02
1.194244108979387875e-02
1.344008968417311108e-02
1.535860298860165438e-02
1.007012637324547141e-02
1.140613365813740801e-02
1.401345671794002566e-02
1.394603781134295430e-02
1.603142408430359087e-02
1.564149651780877628e-02
1.329052169738910612e-02
1.195136716407785467e-02
1.460838766151136003e-02
1.584458350885159170e-02
1.512063817637202164e-02
1.613057496572344388e-02
1.683337491696163674e-02
1.629963988347653617e-02
5.746378088499040637e-02
6.363996202218280551e-02
6.101622487410975765e-02
5.358491588075440376e-02
5.274662815658919673e-02
4.898545873841490123e-02
4.668735740136766704e-02
4.401044410153553271e-02
4.220044567625497872e-02
3.909316760000808993e-02
3.723191827768828482e-02
3.510855314606781130e-02
3.680286497808261947e-02
3.161704807668315464e-02
2.495056299374684081e-02
2.687775307705443303e-02
2.307447994039587072e-02
2.110733164535542883e-02
2.296696912068653396e-02
1.955021668617429667e-02
2.274570274198605899e-02
1.896016794589808901e-02
2.156214381772265931e-02
1.594731712444534891e-02
1.795097365566158953e-02
1.843563802684955108e-02
2.015821608459439016e-02
1.542598321082138887e-02
1.552583521222030034e-02
1.538615571002984080e-02
1.733416421936131643e-02
1.627740266994307655e-02
1.687708153471298433e-02
1.575234430612345096e-02
1.565028104104758053e-02
1.572910082770740542e-02
1.810632082675957266e-02
1.581643226462721777e-02
1.560339552662999736e-02
1.432222441364703301e-02
1.427086377182147474e-02
1.461837110548426001e-02
1.494815462512307652e-02
1.546539463388885670e-02
1.408704332346001967e-02
1.518728829111169396e-02
1.585773803655218112e-02
1.422411459465437560e-02
1.237189526458402390e-02
1.609226452843290356e-02
1.482587921061682273e-02
1.603459355386051277e-02
1.207188991993790421e-02
1.695764048174733946e-02
1.439956947747543688e-02
1.595945125263580067e-02
1.155425609972293884e-02
1.327153923298352023e-02
1.520465177767920534e-02
1.118559389454729276e-02
1.657354068035020445e-02
1.069399709484765426e-02
1.439465965847702873e-02
1.565784872332487768e-02
1.342751189498851347e-02
1.363932178861320191e-02
1.548069855280309777e-02
1.221802340590409999e-02
1.463906932179835294e-02
1.481943552336643759e-02
1.438059804508222579e-02
1.597086137731298233e-02
1.429636928680386165e-02
1.342803811883433972e-02
1.519079223810533737e-02
1.451242274451425285e-02
1.443545844957499352e-02
1.475602896506808190e-02
1.004354620105756511e-02
1.988810821713230675e-02
1.266595021587920387e-02
1.699165901345305041e-02
1.224231394196775499e-02
1.695539842732149763e-02
1.480667739282708235e-02
1.447015676332482834e-02
1.736289498449478108e-02
1.701386598942547859e-02
1.545545942002145637e-02
1.610419116612313642e-02
1.614396653069507734e-02
1.658359777727195367e-02
1.601219873402845786e-02
1.583700400558056207e-02
1.646064026210979081e-02
1.627815757429572005e-02
1.870488468500581744e-02
1.391105821688620389e-02
1.649800809830524045e-02
1.810562426689546478e-02
1.790057404072369421e-02
1.628995723848042365e-02
1.847568705073895576e-02
1.367961798330605966e-02
1.883580028269575893e-02
1.402640421847966765e-02
1.918101800023168033e-02
1.574902007668539661e-02
1.810313198288615935e-02
1.646621893085079003e-02
1.961809682194773363e-02
1.777168890266604684e-02
1.712246929708977072e-02
2.187012142389533481e-02
1.721810094997953608e-02
1.714693405776526736e-02
1.767260276394917382e-02
1.720690403728260959e-02
1.932309953442147912e-02
2.024634945943270398e-02
7.192488269469134166e-02
7.117009265904924997e-02
8.487412624046054843e-02
7.024963567407188636e-02
-1.160905170225615818e-02
1.058474048165359595e-02
1.773068245863738679e-01
7.478737200716716049e-02
-6.560835950178947606e-02
9.577641973478259740e-02
3.320819125688072998e-02
1.327501961909183063e-02
1.033910043935599640e-02
-2.963761578008300424e-02
1.246585572732911568e-01
-6.744985579839909984e-02
-1.465862655411953597e-02
1.280017124196431988e-01
3.691432154624967737e-02
-4.610196841476231489e-02
1.517004604881598030e-02
5.673072758005839183e-02
-7.787426928527771408e-02
1.155370761758922615e-01
-8.538796635247622446e-02
-9.607019110427822764e-03
-4.955271148125450949e-03
-4.873054199099790401e-02
-1.334756457188076076e-02
9.638475399011149636e-02
-4.210834798505209975e-02
6.032088711849772390e-03
1.141337677427370703e-02
-1.915971247425770144e-02
-1.208289427726021679e-02
-6.125864838077253044e-02
-2.901767366425550901e-02
-1.330320755783073218e-02
-7.171077256374970565e-02
-4.194655186249224635e-03
-5.793622339034062291e-02
-5.924809251202332178e-02
-3.783495680333417294e-02
-6.462902360424098436e-02
-5.274011251892348623e-02
-1.238873125961442202e-02
-5.074316302332809031e-02
-6.300052852580655116e-02
-5.218069893942416104e-02
-4.852747864703899072e-02
8.563935448916789109e-03
-7.340014793405091886e-02
1.251888769007939621e-03
-5.109897735435445232e-02
-3.995348229242020460e-02
-3.755949736537143868e-02
-4.210421851750540539e-02
-3.935004518708700577e-02
-3.875673592459426969e-02
-4.430660106298954515e-02
-3.735082962360716796e-02
-4.157420273559536694e-02
-4.452068413764228433e-02
-4.202105604647850962e-02
-3.250343946179692911e-02
-3.922224820275903301e-02
-4.214596509437575078e-02
-4.093182457100147387e-02
-4.241729243978444724e-02
-4.624128501139854880e-02
-3.825278358516553956e-02
-3.544959128120570707e-02
-4.327878112881248379e-02
-4.272753437170972307e-02
-4.187894321378150125e-02
-3.732333296344741286e-02
-3.585264082950664205e-02
-4.417990785001268961e-02
-3.713003160191202801e-02
-4.143584442583989752e-02
-3.941460702994106086e-02
-4.308083646855476873e-02
-4.225863261981902680e-02
-3.760626631842628464e-02
-3.864817345773716162e-02
-4.127144388221940657e-02
-3.833699300883319783e-02
-4.082556424560333103e-02
-3.971656633147478688e-02
-4.157319521767597476e-02
-4.099199230488481671e-02
-3.804570420142631970e-02
-4.104918182566110602e-02
-4.033730346204855710e-02
-4.077487178092371878e-02
-3.822757712058938440e-02
-3.903177782915918242e-02
-3.998157743949320997e-02
-3.468515783075216269e-02
-4.117802796593143799e-02
-3.687521434841865148e-02
-3.690037154037372619e-02
-4.223475263980668720e-02
-3.285777696849478957e-02
-4.154514635190067334e-02
-3.845366300577084118e-02
-3.447006976172663217e-02
-4.006007354184999009e-02
-3.484834424416431015e-02
-3.915131595385458463e-02
-4.143777298878287274e-02
-3.140124041696441826e-02
-3.932401214515383880e-02
-4.110934165295341419e-02
-4.162401733842955448e-02
-3.644358793482496001e-02
-3.647668828852998479e-02
-3.457065258187421580e-02
-3.810112924696332920e-02
-1.632112230000837549e-01
-1.214885723356413649e-01
-3.867990265366925279e-02
4.637398313942262679e-02
1.181924441472270160e-01
1.761787298823441483e-01
2.232097563622894854e-01
2.613080285657386481e-01
2.913872684667027646e-01
3.185789895021556850e-01
3.380978178308887694e-01
3.573399134150982426e-01
3.683235004526687617e-01
3.783637385545516318e-01
3.887242814130008051e-01
3.990263567948875156e-01
4.038812848541463163e-01
4.087094061465125217e-01
4.132746902514893850e-01
4.184556369641528328e-01
4.219000331055240971e-01
4.256147432379084328e-01
4.283241200410800587e-01
4.333818743165399057e-01
4.348371380360483429e-01
4.348514245154699309e-01
4.357381739485969296e-01
4.362175543708135539e-01
4.362176852454232590e-01
4.343770597325399829e-01
4.344707398100375872e-01
4.339076832561665209e-01
4.312930127620059895e-01
4.305465305226702788e-01
4.316733427338964590e-01
4.279062274346016603e-01
4.245658808508115389e-01
4.244081165292307722e-01
4.219154181763376532e-01
4.198056203501811523e-01
4.152634743005989004e-01
4.153016341168115355e-01
4.114341147844746693e-01
4.107436187339880140e-01
4.075033774209124160e-01
4.045482412687770868e-01
4.018846084480198200e-01
3.980238376985649196e-01
3.958882155357989485e-01
3.940216439215318278e-01
3.894285361341831009e-01
3.895420995482394844e-01
3.869011211876947631e-01
3.829643400602948389e-01
3.807523439246713326e-01
3.802841740228908307e-01
3.769567862309634032e-01
3.753717501084373187e-01
3.708789674429806560e-01
3.696505120205024753e-01
3.670632445790109055e-01
3.646462936760120344e-01
3.639675061534947687e-01
3.603023052562093764e-01
3.583684080034615915e-01
3.566001864912407560e-01
3.549780604199253564e-01
3.551232683959499314e-01
3.505844066784191693e-01
3.461743464021344030e-01
3.451193766669317653e-01
3.409606845741975922e-01
3.401697098485679804e-01
3.395250272706264449e-01
3.373631428223373696e-01
3.336662878801001653e-01
3.317350347868913141e-01
3.315855922539830969e-01
3.265562985084998759e-01
3.266246959300881936e-01
3.218008164302403884e-01
3.254617602670558107e-01
3.174460176339475859e-01
3.179478724327426953e-01
3.151831813482885436e-01
3.108091486280570304e-01
3.133279234286999171e-01
3.125505123284422759e-01
3.101532165945560249e-01
3.043908273767833017e-01
3.038729373988625082e-01
3.017244714589301657e-01
3.013874154591348331e-01
2.941957020308902937e-01
2.957431747855608917e-01
2.921640496008768850e-01
2.904061396352249358e-01
2.869705709627641266e-01
2.871060483304617161e-01
2.838085312396835258e-01
2.823409410060193081e-01
2.827096642834623363e-01
2.813814644596523418e-01
2.783467641276945459e-01
2.736038493930822990e-01
2.742527837159159376e-01
2.731874957345325483e-01
2.721984979623797152e-01
2.676708359492329103e-01
2.650000580450940224e-01
2.678004663916908057e-01
2.616319591369596909e-01
2.591307187072495188e-01
2.621185980348142430e-01
2.615603260516338180e-01
2.592272607319356381e-01
2.551216443242664278e-01
2.528896166712891747e-01
2.525382812289504453e-01
2.485787880074324663e-01
2.464970091668168273e-01
2.463009272427588714e-01
2.443185134386213764e-01
2.423844692616365093e-01
2.404974051159438353e-01
2.386559125249399782e-01
2.350115072133291683e-01
2.351106678664964811e-01
2.334058390208702538e-01
2.255337306068841419e-01
2.240870782441052034e-01
2.226917775183157311e-01
2.194349586972030586e-01
2.181068225517508175e-01
2.187092641384200120e-01
2.155714646986076344e-01
2.143635109530863669e-01
2.131946140699752523e-01
2.120636117504966778e-01
2.109718242988846970e-01
2.080086485433370880e-01
2.069882363124768143e-01
2.060043639230354495e-01
2.031313751684253599e-01
2.003020186172526640e-01
1.974957136744585895e-01
2.004980065311439408e-01
1.939112884330545239e-01
1.950483818410665149e-01
1.943040247498017681e-01
1.916620764779290997e-01
1.909823887092768624e-01
1.864597917238028368e-01
1.838978323117664848e-01
1.852498568704524506e-01
1.866418344857464495e-01
1.797814421238884408e-01
1.745687038013528647e-01
1.715577709118873695e-01
1.732464793402386793e-01
1.710128872184722149e-01
1.707871640257669632e-01
1.686149824996973079e-01
1.644857874678938570e-01
1.643358139530020079e-01
1.642168367026479725e-01
1.621431076475451649e-01
1.620791772840202705e-01
1.600439814825277696e-01
1.560479451656610894e-01
1.540703807255371649e-01
1.521047274074397715e-01
1.521580421997625054e-01
1.522412357497069657e-01
1.483529251417358419e-01
1.484804228353389932e-01
1.466389358314790781e-01
1.468190390450281879e-01
1.430108127919602068e-01
1.432347168623697153e-01
1.414683867484642921e-01
1.437690718326414263e-01
1.360090456337411102e-01
1.383280075564578548e-01
1.366557622728563626e-01
1.370226119351662941e-01
1.333630885842920499e-01
1.357970224197336540e-01
1.321692229285175435e-01
1.285666860821011448e-01
1.290359317440330500e-01
1.315814115242719962e-01
1.259795247136907825e-01
1.244850593093138891e-01
1.229977603425312510e-01
1.256264289407669488e-01
1.221367352028224773e-01
1.207065973394236408e-01
1.213598568380820503e-01
1.158728425673096335e-01
1.186027783191321711e-01
1.131453956349011969e-01
1.159165505736689805e-01
1.125431313270435496e-01
1.112358355977183105e-01
1.120112700369493425e-01
1.107404115443898079e-01
1.053802933635879513e-01
1.103361407653699056e-01
1.049785599856490337e-01
1.058453176011321384e-01
1.046684773690337439e-01
1.014320624265177828e-01
1.023526145935347853e-01
1.012242375501203745e-01
1.000999722047496154e-01
9.692032113465322285e-02
9.791146251148906410e-02
9.892991678633454578e-02
9.578530715893977809e-02
9.474991432528698243e-02
9.371975598748881475e-02
9.271573203278493658e-02
9.382083127370309528e-02
9.074185760303420112e-02
8.768151134485122067e-02
8.882660419804036533e-02
8.579129745148823816e-02
8.697106569841246693e-02
7.768900401127799837e-02
8.306091051455262442e-02
8.007997591541309024e-02
8.131509457511573724e-02
7.835768883289322140e-02
7.752360386523805824e-02
7.669242976064911954e-02
7.588617688393974048e-02
7.720456452585928997e-02
7.641643677136476798e-02
7.777851994565761207e-02
7.703249820456696539e-02
7.415890231634975072e-02
7.342597438034614843e-02
7.057936579600328220e-02
6.774887543593954842e-02
6.706043957205973238e-02
6.637491494331747288e-02
6.571362184640608395e-02
6.292958091974483470e-02
6.655401462804885759e-02
6.165461901828560992e-02
6.747911957041539954e-02
6.042988929082182548e-02
5.770021091208990538e-02
5.711124036141548149e-02
5.654599409826430861e-02
5.813400504009377107e-02
5.758474517429973405e-02
5.706012987521943275e-02
5.438597742262388235e-02
5.172620447367722030e-02
5.123174471936611796e-02
4.859497832261812367e-02
5.026797098543573511e-02
4.764847312881419217e-02
4.935149326179722601e-02
4.674894210150663115e-02
4.416008564019906213e-02
4.806220495421774375e-02
4.766380190944109058e-02
4.292019308572552622e-02
4.036924205897414464e-02
4.215497563727063635e-02
3.961985000893348402e-02
3.926866268320443332e-02
3.891762062860189969e-02
3.858945669656305838e-02
3.826133644406815026e-02
3.795607183314114730e-02
3.329076738243875316e-02
3.517297876879960788e-02
3.270867307924744949e-02
3.462236457574170007e-02
3.217243313963015494e-02
3.192683044061178643e-02
2.949615892950992885e-02
2.707758646003196462e-02
2.904073695540439204e-02
2.444575292200554945e-02
2.424284729590642229e-02
2.623705845379553300e-02
2.385735505727865774e-02
2.588292377816947543e-02
2.131409006892330538e-02
2.116115441181450063e-02
2.100747600020043751e-02
1.867009876298751300e-02
1.854494613514850315e-02
1.841796810968731810e-02
1.831416977159770060e-02
2.043362876075223086e-02
1.590776134672286860e-02
1.583121132258828029e-02
1.798118646468063395e-02
1.347368984547535516e-02
1.342405084888860858e-02
1.337327233132075063e-02
8.909726974153533638e-03
8.870290390752775048e-03
8.852816188161628103e-03
8.834079142629434195e-03
6.609361592419901558e-03
8.838294740570764446e-03
6.624369490157388379e-03
6.653639278467365741e-03
6.681491463941451568e-03
6.731344965105225120e-03
4.543267042108831318e-03
4.596770945067725489e-03
9.186764575318830811e-03
7.009020135366811864e-03
2.594941188531474201e-03
-1.802382537329173503e-03
-1.701910689019684245e-03
6.505304873875516168e-04
-1.483423725522617235e-03
-5.852846773551870219e-03
-3.484189021540779526e-03
-3.338710672486305299e-03
-7.695380617216930272e-03
-5.296124571431121315e-03
-9.627867648183689037e-03
-9.470577484891379641e-03
-9.292582736588353431e-03
-1.136167580635846601e-02
-8.916659873764462216e-03
-1.323595532372629988e-02
-1.302856436825185725e-02
-1.282314396121197152e-02
-1.033302600781013138e-02
-1.010220917990746654e-02
-1.440204726400265423e-02
-1.416303689595490266e-02
-1.390228488078897040e-02
-1.364362328105338772e-02
-1.792046228225181378e-02
-1.765391771962485437e-02
-1.736567267826991112e-02
-1.935422744254765293e-02
-2.133437681790702201e-02
-2.102877751200370876e-02
-1.843229236779017621e-02
-2.040128200211395806e-02
-2.007842430039004367e-02
-1.973376739026246746e-02
-2.398450793604463283e-02
-2.363274807734010163e-02
-2.328329284006831409e-02
-2.521716720566969175e-02
-2.484250436786315797e-02
-2.676499945847012063e-02
-2.639030217090002420e-02
-2.368529239206795464e-02
-3.248529386959018994e-02
-2.980094365654027341e-02
-2.939932622885866459e-02
-3.128852790707517539e-02
-3.086199197202982650e-02
-3.504400382688292737e-02
-3.231318206717436609e-02
-3.647452205779627005e-02
-3.372991541280568467e-02
-3.328040097741992442e-02
-3.280907638863022474e-02
-3.466033741411873176e-02
-3.418858799270729776e-02
-3.834079462820514511e-02
-3.786324980777823479e-02
-3.736394093161354846e-02
-3.686821171546623283e-02
-3.634958039917311756e-02
-4.050271583815215348e-02
-3.764888306708030763e-02
-4.178250112890624646e-02
-4.357933409193096019e-02
-4.071229985639065324e-02
-4.483970318110503533e-02
-4.195786576024020803e-02
-4.373991671261699687e-02
-4.783705624319378041e-02
-4.494213279679152434e-02
-4.670798457308519142e-02
-4.846705939003866093e-02
-4.554157400459569321e-02
-4.964279311552852181e-02
-5.138603962196542502e-02
-5.312264963122629441e-02
-5.018517732539965609e-02
-4.956419265940474606e-02
-5.129389748175929714e-02
-5.536147868776646747e-02
-5.707391388958241857e-02
-5.410875215491153106e-02
-5.814781230145985719e-02
-5.516774308579673602e-02
-5.452245347508995893e-02
-5.856044241363882880e-02
-5.554946505885426794e-02
-6.192794838035326627e-02
-5.419209131149405750e-02
-6.294663413155743292e-02
-5.992406806666751573e-02
-5.686484795605745157e-02
-6.325467483013973158e-02
-5.782146885415326287e-02
-6.185834047980039857e-02
-6.351067546176515644e-02
-6.515698954232566897e-02
-6.913595783913104031e-02
-6.843167869958896588e-02
-6.535250925187448268e-02
-6.223501208272566587e-02
-6.860816427726539046e-02
-7.256901082083216936e-02
-6.711685924225789524e-02
-6.635049074704305050e-02
-7.034228073128770409e-02
-6.957259388251223198e-02
-7.354468620565135506e-02
-7.277175179970006569e-02
-6.961686649842610541e-02
-7.121040750089281668e-02
-7.279830614527457722e-02
-7.438059781516977165e-02
-7.119408388669010157e-02
-7.277334752535714879e-02
-7.673291303847913636e-02
-7.591526035218450208e-02
-7.747797398391312318e-02
-7.426327122137824088e-02
-7.820501026387793875e-02
-7.975544473524445732e-02
-8.130049793429075522e-02
-8.284019423977183327e-02
-7.481264892287137203e-02
-8.115493588778689704e-02
-8.268665514218004331e-02
-8.421310792309559534e-02
-8.336064188857666979e-02
-8.725031680729194994e-02
-8.639531068296878169e-02
-8.551710988536778690e-02
-8.702546629331382733e-02
-8.614884087885175956e-02
-8.524990609257812602e-02
-8.435374295506442577e-02
-8.585347668527350262e-02
-8.734814436309533414e-02
-8.883777663294495364e-02
-9.032239533968822176e-02
-9.180203073018849969e-02
-8.848016365727656707e-02
-8.995768023161186677e-02
-9.382132955293476240e-02
-9.048544477542497244e-02
-9.436071941548390685e-02
-9.100905997769818956e-02
-9.004338754926981270e-02
-9.150326828937649370e-02
-9.295832781424420710e-02
-9.682344361386109599e-02
-9.826507543067847239e-02
-9.488848446475693643e-02
-9.632832028354817999e-02
-1.001621224023006712e-01
-9.677244202384728544e-02
-9.820203894302374781e-02
-9.477307141525567746e-02
-9.863702528940784808e-02
-1.024629792801660666e-01
-9.904307956460052520e-02
-9.803232755111962460e-02
-9.944568770515380129e-02
-1.008544943204713745e-01
-1.022587659373008634e-01
-1.012229800062126872e-01
-1.050538018481471797e-01
-1.040166318739588897e-01
-1.054067614032609401e-01
-1.019257667760846975e-01
-1.081737411586711495e-01
-1.095506327322221113e-01
-1.085145238533710699e-01
-1.074545995766954670e-01
-1.063973075154330122e-01
-1.077679807992242417e-01
-1.091343358056890561e-01
-1.080529351896404033e-01
-1.069741390214385690e-01
-1.107716774376870245e-01
-1.121246637687897674e-01
-1.110442424451177079e-01
-1.074895377192708890e-01
-1.112885444168569826e-01
-1.101882534177091588e-01
-1.115313284036126007e-01
-1.079416385154463864e-01
-1.166378228995258726e-01
-1.130791227696817947e-01
-1.144093481558121073e-01
-1.157354799932872186e-01
-1.146112942633186471e-01
-1.134638382429934145e-01
-1.196894918055377843e-01
-1.161023579338551354e-01
-1.124720704440999031e-01
-1.162695277477030359e-01
-1.200300168236313886e-01
-1.188832797629479077e-01
-1.152424079178815536e-01
-1.165466817964914414e-01
-1.178470137154152969e-01
-1.166555607138661105e-01
-1.179517102500075298e-01
-1.192439576636744603e-01
-1.230092636590529170e-01
-1.218168254463767725e-01
-1.230974796315914832e-01
-1.219072227790701790e-01
-1.231838234058476589e-01
-1.244566212478673828e-01
-1.232423724744402954e-01
-1.220315827006163284e-01
-1.207959021667694421e-01
-1.220644124511674339e-01
-1.282951941224147185e-01
-1.245901946616694428e-01
-1.258475041331788280e-01
-1.271011119224274566e-01
-1.258670941986812786e-01
-1.246091840785866073e-01
-1.283630543845089289e-01
-1.296055592328884398e-01
-1.283474274240972435e-01
-1.295862417992241777e-01
-1.232927693403269853e-01
-1.295654615929064113e-01
-1.307970265986865832e-01
-1.270088362793526660e-01
-1.307450165063924474e-01
-1.319694545239912253e-01
-1.331903598507707120e-01
-1.369016524873018226e-01
-1.356216417640715710e-01
-1.343449275358788164e-01
-1.355553435512256433e-01
-1.292053205460120813e-01
-1.354605346697928814e-01
-1.341477315672445769e-01
-1.353513586823638926e-01
-1.365515605669033183e-01
-1.377483555886162003e-01
-1.364378977188864805e-01
-1.376313786582610554e-01
-1.362967370051508254e-01
-1.400082342985480011e-01
-1.361545098709806556e-01
-1.373415027902642194e-01
-1.435484665400932058e-01
-1.371696110209185693e-01
-1.408825278326100439e-01
-1.420562635632254822e-01
-1.407012135008562648e-01
-1.393470697206039555e-01
-1.430392198545719917e-01
-1.391392978843994932e-01
-1.428497370252996834e-01
-1.440108184993651730e-01
-1.451686834713175889e-01
-1.412568938430524557e-01
-1.449458680340695860e-01
-1.410146585672767683e-01
-1.447222597644357289e-01
-1.433222342587298914e-01
-1.470166508365306213e-01
-1.430745038502021227e-01
-1.467599144020776125e-01
-1.504347219586062157e-01
-1.490360650944464460e-01
-1.476403790711514896e-01
-1.462321421573670455e-01
-1.447989089155683196e-01
-1.510322626849779082e-01
-1.445021045241834112e-01
-1.481926885809655148e-01
-1.493178375678312908e-01
-1.555120693372377683e-01
-1.541059824676740964e-01
-1.526751214782312294e-01
-1.537882037938674840e-01
-1.523594475642494617e-01
-1.534698974852719833e-01
-1.520164764251208667e-01
-1.556819015754953017e-01
-1.542292598026324402e-01
-1.553312309350267928e-01
-1.538672192050390131e-01
-1.524059781213911724e-01
-1.535058377091728932e-01
-1.546027862828034116e-01
-1.582475838142155811e-01
-1.542104052511769074e-01
-1.578762707439090307e-01
-1.563907449182723175e-01
-1.600442455441000167e-01
-1.585596323196909740e-01
-1.596398093359760184e-01
-1.581572129660464565e-01
-1.566491492365680860e-01
-1.603100164607960121e-01
-1.588029384016733658e-01
-1.624516058251609940e-01
-1.609455237262875649e-01
-1.594409192364262540e-01
-1.605085377628262810e-01
-1.615733895427474143e-01
-1.651974359072790333e-01
-1.585175016724301444e-01
-1.647514642144595476e-01
-1.632238617720298268e-01
-1.616987863382301494e-01
-1.627537668803609727e-01
-1.663790722289085477e-01
-1.648556174326764878e-01
-1.633052762383298828e-01
-1.669467248210607380e-01
-1.653975404380733927e-01
-1.690271757148219534e-01
-1.674791550928894923e-01
-1.685159939400132922e-01
-1.669698568907979908e-01
-1.653977693332483179e-01
-1.690368218718538706e-01
-1.726371391075263162e-01
-1.684961475565475986e-01
-1.669271267552815408e-01
-1.679553288042650860e-01
-1.715711521759340497e-01
-1.700039883238137206e-01
-1.684118545986293403e-01
-1.720423855814432745e-01
-1.704515583064752093e-01
-1.714675881804124391e-01
-1.724810834978897645e-01
-1.708915552866978327e-01
-1.719031833209115345e-01
-1.729122991435675105e-01
-1.765099141244215741e-01
-1.749230263789716411e-01
-1.733099116732267353e-01
-1.769238125741030010e-01
-1.753120881792404329e-01
-1.737013829082033889e-01
-1.746994641649889379e-01
-1.756950896682320518e-01
-1.740593099074478622e-01
-1.750532179507517938e-01
-1.760446928263730004e-01
-1.744124449908099062e-01
-1.780203736447778240e-01
-1.763895794144821616e-01
-1.747309268857898945e-01
-1.783570891897141852e-01
-1.766999585622830993e-01
-1.750436560512564632e-01
-1.786594416886912728e-01
-1.796356253039837758e-01
-1.779816049088786267e-01
-1.789561912556037471e-01
-1.825500434942490813e-01
-1.861322958686919271e-01
-1.818658764825719365e-01
-1.828311094134840997e-01
-1.785110359830071880e-01
-1.821178438181930426e-01
-1.830792531593505579e-01
-1.866689622211334942e-01
-1.823644881265608919e-01
-1.833221060058440322e-01
-1.842774428022146971e-01
-1.825781433361650663e-01
-1.835320379421851722e-01
-1.844836701821057634e-01
-1.854330455098531227e-01
-1.863801748024003779e-01
-1.846859602403701506e-01
-1.909016255061570522e-01
-1.865751683723850529e-01
-1.875164341173642391e-01
-1.804396074152662399e-01
-1.867362710680642024e-01
-1.876739810583823997e-01
-1.859561188450485625e-01
-1.895428136782343898e-01
-1.904739519720479723e-01
-1.887586791110271445e-01
-1.896885068448374290e-01
-1.958891247992832207e-01
-1.915416728382527134e-01
-1.898016243743700926e-01
-1.933862354535801631e-01
-1.916479776969414461e-01
-1.925679485262986601e-01
-1.934857904202861301e-01
-1.890662775562386710e-01
-1.953151226132462392e-01
-1.909034776734850336e-01
-1.944792763959821424e-01
-1.927322320226144692e-01
-1.936434606661886770e-01
-1.945525983161585926e-01
-1.954596548818248458e-01
-1.963646350162295551e-01
-1.972675485494239933e-01
-1.901313269957006780e-01
-1.937286724306590824e-01
-1.973001251066289763e-01
-1.981978163455959674e-01
-1.964307094609584192e-01
-1.973273006401236873e-01
-1.982218613671135055e-01
-1.991143960816707803e-01
-1.973363119749897698e-01
-1.955301475414922274e-01
-1.937239963024960099e-01
-1.973130425326690418e-01
-1.982014806178622468e-01
-1.990879232899422091e-01
-1.999723748211545138e-01
-1.981711257588786856e-01
-1.963426993975922186e-01
-1.972271580491188891e-01
-2.008155522988744612e-01
-1.989901511104533727e-01
-1.998687014482278812e-01
-2.007452944319923216e-01
-2.016199392127047130e-01
-2.024926398638269009e-01
-2.033634054610866937e-01
-2.015417491780671089e-01
-1.996915271864110886e-01
-2.032795117704712107e-01
-1.959615744049698072e-01
-1.995829624790875501e-01
-2.031635299098089875e-01
-2.040267553149021085e-01
-2.048880817827172240e-01
-2.057475181359127714e-01
-2.039042892360526660e-01
-2.047628745559040009e-01
-2.056195797682133231e-01
-2.037496663382319384e-01
-2.018805662432910097e-01
-2.081784857593138027e-01
-2.035926093189564245e-01
-2.071620740911822856e-01
-2.025496061831991712e-01
-2.061467341282784416e-01
-2.069944172810181671e-01
-2.078402630621829783e-01
-2.086842787381909814e-01
-2.040559838009543547e-01
-2.076367689898208913e-01
-2.112054075731938652e-01
-2.093178789250643712e-01
-2.074298192653771800e-01
-2.082687456294715078e-01
-2.091058722753187105e-01
-2.099412026656237162e-01
-2.107747438613215007e-01
-2.088617832811771047e-01
-2.096946530267967124e-01
-2.132646927513492108e-01
-2.113550655402539058e-01
-2.121826198186874124e-01
-2.130084121549070675e-01
-2.138324506181104867e-01
-2.119110792445293712e-01
-2.154752826109120334e-01
-2.108134949172841832e-01
-2.143760856672194959e-01
-2.151942817820911291e-01
-2.132766466636312475e-01
-2.140942347830397385e-01
-2.121480840880666796e-01
-2.129650972102404838e-01
-2.137803917521878538e-01
-2.173474149455645599e-01
-2.154058517084939395e-01
-2.162160268525732398e-01
-2.142759192289210302e-01
-2.205733881726287815e-01
-2.131154254697397998e-01
-2.139245272664760944e-01
-2.147319442049335225e-01
-2.155376792944663777e-01
-2.163417390000374196e-01
-2.171441297761479705e-01
-2.207058517139767195e-01
-2.187439209582623667e-01
-2.139862845016854420e-01
-2.175795156208437942e-01
-2.211312124354743169e-01
-2.191717250437701103e-01
-2.199653674143354221e-01
-2.207573754499564389e-01
-2.159872520837964605e-01
-2.195616795249273057e-01
-2.203516248973157454e-01
-2.211399493496681856e-01
-2.219266601858996824e-01
-2.254753906729140833e-01
-2.207292298733571911e-01
-2.215139106187695994e-01
-2.195033485989391075e-01
-2.202876417135016252e-01
-2.210703374071105176e-01
-2.190596229921188409e-01
-2.198419376073314502e-01
-2.234088981868814217e-01
-2.185835306268388567e-01
-2.249600467031149797e-01
-2.229553747008849729e-01
-2.237298018019660828e-01
-2.245026670097072796e-01
-2.196598917581556731e-01
-2.232422481903053590e-01
-2.240132325747083430e-01
-2.275785910113366506e-01
-2.255505584868133795e-01
-2.235209957141977011e-01
-2.214603214126317221e-01
-2.278450074772007117e-01
-2.258191273720613623e-01
-2.265821106885239633e-01
-2.329023743632728238e-01
-2.252891726686491181e-01
-2.288619470271698597e-01
-2.268100501808066605e-01
-2.247576916397128477e-01
-2.255171114431780977e-01
-2.290800557086749289e-01
-2.270314389410174050e-01
-2.249502324639057194e-01
-2.257064239225037849e-01
-2.292917142834397237e-01
-2.272143301225070244e-01
-2.279660537965285949e-01
-2.258880704166559283e-01
-2.266395841653379151e-01
-2.302123635315187766e-01
-2.281381874206797333e-01
-2.288852846302197874e-01
-2.267806904915294630e-01
-2.331869288967465814e-01
-2.282730874483186456e-01
-2.318590846894759416e-01
-2.325989091159204603e-01
-2.305007745366087768e-01
-2.284005909633861076e-01
-2.291415509011503482e-01
-2.355438274828870193e-01
-2.306191547891180971e-01
-2.341847846233894304e-01
-2.320910336382032424e-01
-2.299653200135103326e-01
-2.307004347550797307e-01
-2.285750595895474635e-01
-2.321664068913463497e-01
-2.300436485631781047e-01
-2.307758215476491681e-01
-2.343547912754604667e-01
-2.322359472299689032e-01
-2.329639081232555142e-01
-2.365305819813988963e-01
-2.315406864843168322e-01
-2.351394276944908657e-01
-2.358618270064366806e-01
-2.365828472948248162e-01
-2.315678097166739835e-01
-2.380207626136395249e-01
-2.387376655891314814e-01
-2.365971648850619391e-01
-2.344542442025165929e-01
-2.351724271588618576e-01
-2.358892465003403494e-01
-2.337163334287205574e-01
-2.344331422554040700e-01
-2.351485940670052788e-01
-2.358626948115283839e-01
-2.365754463043533429e-01
-2.401617697310220179e-01
-2.351180544367975911e-01
-2.358294629623849670e-01
-2.394130489876229173e-01
-2.372482680244948072e-01
-2.408238605692633594e-01
-2.415272816708505521e-01
-2.393665097593276891e-01
-2.342701146441187321e-01
-2.349775959282081050e-01
-2.385810994040097610e-01
-2.392832694473308319e-01
-2.370921234288326240e-01
-2.377943399124047286e-01
-2.384952507335331151e-01
-2.391948575627164675e-01
-2.369731624976809947e-01
-2.405901779487646386e-01
-2.383712454908993861e-01
-2.331922560383752063e-01
-2.397641551124421178e-01
-2.433653434541623861e-01
-2.440559313885455051e-01
-2.447452463044580417e-01
-2.425345689583399689e-01
-2.432239848198929910e-01
-2.439121314679562613e-01
-2.445990144183111670e-01
-2.394565502135580504e-01
-2.430764285108189260e-01
-2.408345832317182467e-01
-2.415217069794824423e-01
-2.422075748689149488e-01
-2.458118283900481149e-01
-2.406513059810283794e-01
-2.383775316982851555e-01
-2.449385453961209491e-01
-2.456181800312162711e-01
-2.433828516157592325e-01
-2.469737452269804290e-01
-2.417959350275603325e-01
-2.424758960871974678e-01
-2.402058959609906230e-01
-2.438321242494002616e-01
-2.415649444270878687e-01
-2.451834509292341313e-01
-2.429190857966558037e-01
-2.435943251856975411e-01
-2.472013087551201416e-01
