3.502589063563311811e+01
3.514999639631622586e+01
3.526595633993899526e+01
3.538422470816237819e+01
3.550885423049449940e+01
3.561529822969877301e+01
3.572836234804206867e+01
3.582373281612751015e+01
3.595151915751602445e+01
3.604592983849803289e+01
3.613851743614634415e+01
3.624963295913180872e+01
3.634987528718335881e+01
3.644562512614358951e+01
3.651913263529806386e+01
3.661260475156660021e+01
3.672505697242373657e+01
3.681806048431698741e+01
3.688585657994273959e+01
3.697178280533685069e+01
3.706268804590722254e+01
3.716445130940140729e+01
3.722110957271956266e+01
3.729281536403929920e+01
3.739103497602304316e+01
3.747829571224443157e+01
3.754704033046836997e+01
3.762396309389438187e+01
3.767922236832831118e+01
3.776271808424680643e+01
3.785492915708567807e+01
3.790380335005994539e+01
3.797925818940222342e+01
3.806181941585447959e+01
3.811314182395628336e+01
3.819502193761778841e+01
3.823716254211811361e+01
3.832201303472746901e+01
3.837526199668395321e+01
3.846438559330466944e+01
3.849752158318335660e+01
3.858060556413881415e+01
3.862795882964377370e+01
3.870861514103518175e+01
3.875167558979782712e+01
3.881896919321314954e+01
3.886112235779114599e+01
3.894525387418322993e+01
3.898300695638513957e+01
3.904494527621382360e+01
3.910899613559787014e+01
3.916058966777703887e+01
3.926923668406627854e+01
3.930832707778667157e+01
3.938483896831991871e+01
3.942302948278945252e+01
3.948558366922375740e+01
3.952542229388746620e+01
3.959085655508906143e+01
3.962828316393358818e+01
3.967574952858306148e+01
3.974364978095982082e+01
3.977818501111398319e+01
3.982419674484941652e+01
3.988403450926890059e+01
3.991869764658403597e+01
3.996845886878369924e+01
4.004202348814924761e+01
4.005648103373982849e+01
4.011007482518239442e+01
4.015948288770887586e+01
4.019937714821584507e+01
4.025322593266412952e+01
4.030288962247990980e+01
4.032464731188090923e+01
4.042614847624907526e+01
4.046306470695224533e+01
4.051203457492562876e+01
4.053365592069273760e+01
4.052902615076868642e+01
5.300394155054457457e+01
5.623732071863865656e+01
5.813360911225898775e+01
5.951396743242365517e+01
6.058841234798148179e+01
6.139517870726799487e+01
6.208121904038789296e+01
6.268211791351730966e+01
6.328803348117139649e+01
6.356326342238431693e+01
6.408809676257983767e+01
6.447651241745849404e+01
6.486014995825918561e+01
6.511933353977877914e+01
6.547479011717918240e+01
6.575514779793064690e+01
6.607206724503861039e+01
6.620696368186858649e+01
6.655625997231398117e+01
6.677789927843129192e+01
6.698987718282415926e+01
6.721522599729954095e+01
6.738073598088534766e+01
6.764261088106609066e+01
6.780846135923555096e+01
6.801284345998389824e+01
6.814430470869953638e+01
6.832986483968893765e+01
6.854046619112190797e+01
6.867889325713004212e+01
6.879828276409297416e+01
6.898787817930021049e+01
6.927753003256553654e+01
6.938543524951977304e+01
6.956069601222591814e+01
6.971070922540135939e+01
6.979050630292923074e+01
7.000974557750032545e+01
7.006848451014866441e+01
7.022240197406168249e+01
7.034399199078015386e+01
7.046317131491939278e+01
7.057267907084307978e+01
7.069507766727741682e+01
7.077792179501238934e+01
7.091123252880034045e+01
7.096815658069540689e+01
7.117272294698857138e+01
7.123280864550697800e+01
7.130665073855877267e+01
7.142376087182923072e+01
7.156941447791344046e+01
7.157151203593839739e+01
7.178127716122354229e+01
7.181716524621499786e+01
7.191200682172438974e+01
7.208874398918064230e+01
7.206069441807055398e+01
7.225670589891434759e+01
7.230861925392387946e+01
7.235981854834571436e+01
7.244730116064195613e+01
7.258632878416031531e+01
7.265657251372924463e+01
7.276361719132528094e+01
7.280165908811797237e+01
7.289150855652979999e+01
7.303349375006374089e+01
7.302347795902629457e+01
7.313288549318176024e+01
7.324927370690652140e+01
7.331951168620476267e+01
7.335135046137770587e+01
7.343499093323524107e+01
7.348794674998214305e+01
7.363771693543222341e+01
7.370389887721695743e+01
7.373176085504569244e+01
7.382660373339456328e+01
7.385327797294633001e+01
7.397670983277645007e+01
7.409262379249153696e+01
7.410140305714415376e+01
7.414038991234811249e+01
7.425372334607412483e+01
7.430626005818611191e+01
7.436581348210361853e+01
7.450819546503795721e+01
7.450564090702646070e+01
7.451869230903258767e+01
7.464313848113091865e+01
7.477586342358556237e+01
7.471117266377785882e+01
7.483398175044881384e+01
7.490409953303540647e+01
7.501946930226681332e+01
7.501255115337806956e+01
7.500665559366757407e+01
7.516440779124795313e+01
7.518667800386059241e+01
7.529930012058679267e+01
7.531294680637526540e+01
7.537166892746500935e+01
7.546009034182523578e+01
7.553315599865592844e+01
7.546340981567912820e+01
7.560951639483864994e+01
7.571159866961286866e+01
7.572971320611773649e+01
7.581575684945869398e+01
7.583315671712121286e+01
7.584316415130963662e+01
7.590511603614548619e+01
7.603469169485040879e+01
7.608082677244529179e+01
7.609637673634517796e+01
7.617208451679228176e+01
7.622476843222895582e+01
7.625447626692067615e+01
8.909764717297012737e+01
9.470627885406312885e+01
9.770272415293001700e+01
9.947824452726008815e+01
1.010617497767030386e+02
1.020692747438051811e+02
1.029478037877181578e+02
1.036403366401634116e+02
1.042718210857666890e+02
1.047458387145771894e+02
1.052466262077391832e+02
1.056709094922264569e+02
1.062473585513507430e+02
1.063535176382470979e+02
1.064872592412465906e+02
1.071341046346414316e+02
1.072993046117783678e+02
1.076072824532692778e+02
1.080842246068961572e+02
1.081665294087562756e+02
1.086694718748193651e+02
1.086637871964595945e+02
1.091048800840204223e+02
1.089935813983398987e+02
1.094415277197682883e+02
1.096801205066101517e+02
1.099590285184481075e+02
1.098441220584837197e+02
1.101338479155737531e+02
1.103511012471025481e+02
1.106559457092220384e+02
1.107270917823139342e+02
1.109320766890784853e+02
1.110186738181029256e+02
1.111934943334019863e+02
1.113649245918081476e+02
1.116487970820891036e+02
1.116069997087547137e+02
1.117695505017190669e+02
1.118607228111175118e+02
1.120407716904928037e+02
1.122184964031300183e+02
1.123710607843644027e+02
1.125212934170880459e+02
1.125543727715872251e+02
1.127694302809957065e+02
1.129136034405008076e+02
1.129177289966927162e+02
1.129664594389612091e+02
1.133582809857402651e+02
1.133332069772848740e+02
1.135146970646122782e+02
1.133731736113756767e+02
1.138505943108586536e+02
1.137267905810779069e+02
1.139481833254833703e+02
1.137782368967659750e+02
1.140872925495747126e+02
1.143049475096507592e+02
1.141301619204437827e+02
1.146220112386583310e+02
1.142829401401235856e+02
1.147013878596645213e+02
1.148209120112938848e+02
1.147312028547942617e+02
1.148712437797147885e+02
1.150799188326875964e+02
1.149418508057643322e+02
1.152399355289106069e+02
1.153068693152488891e+02
1.153498839544573116e+02
1.155307201131765993e+02
1.154795992352953391e+02
1.155431601676121716e+02
1.157673124485961154e+02
1.157828331753456297e+02
1.158669312141577450e+02
1.159732802164866854e+02
1.157815442119137828e+02
1.165598094394762541e+02
1.160125505089754512e+02
1.164383446560945572e+02
1.161725906222967666e+02
1.166203976091594825e+02
1.164900644205935833e+02
1.165675919158741607e+02
1.168300685337605387e+02
1.168133278454819930e+02
1.167737831209761197e+02
1.169180897227814313e+02
1.169925060523120806e+02
1.170896514952031566e+02
1.171168539216120479e+02
1.171896690668844627e+02
1.173081368140512808e+02
1.173568036161148314e+02
1.175671415618764115e+02
1.172923743388098643e+02
1.176149693499229159e+02
1.177543713912276786e+02
1.177538938968104389e+02
1.177071398520424168e+02
1.179370402188266524e+02
1.176832264809375346e+02
1.181652994902052569e+02
1.178627429062121053e+02
1.183219120110285161e+02
1.180862781561524884e+02
1.183365908399502615e+02
1.182627138566501799e+02
1.185360791047313569e+02
1.184146012670233716e+02
1.184554050335491553e+02
1.188212081342507673e+02
1.184898875755826566e+02
1.186212825419723913e+02
1.187525213183060515e+02
1.187913142583153672e+02
1.189917828930981898e+02
1.190528525923260332e+02
1.342595026936603801e+02
1.411282236161650303e+02
1.472794737308514641e+02
1.492135941633867731e+02
1.446559374702973457e+02
1.513969935200243526e+02
1.711189215594106088e+02
1.574234185139716828e+02
1.448802083463362180e+02
1.671694371263705534e+02
1.588065683637596806e+02
1.576446587908253605e+02
1.587373161568094986e+02
1.556104947221261341e+02
1.751280854256011708e+02
1.510196136333850632e+02
1.607416253004506643e+02
1.780240615383662544e+02
1.637433503875137717e+02
1.549570722625805672e+02
1.647710624252294451e+02
1.694608055515246292e+02
1.533207386950600153e+02
1.795295617443883600e+02
1.530134042335869822e+02
1.656462467523726616e+02
1.662192268700717932e+02
1.610405587494572330e+02
1.667595547001012903e+02
1.797850184654329269e+02
1.599909336018107524e+02
1.676170787263840509e+02
1.680043791241769782e+02
1.641607181636445603e+02
1.658878197831978127e+02
1.605957024234162418e+02
1.665113802366172990e+02
1.646440650374229620e+02
1.546641804589621927e+02
1.619470962891585657e+02
1.533365179019137940e+02
1.532307055187398817e+02
1.555733414046582084e+02
1.519474232909416855e+02
1.536619224002862723e+02
1.578566149632905820e+02
1.522476114735925705e+02
1.513112284710841209e+02
1.531234875411176972e+02
1.535612995952000688e+02
1.595895999581522631e+02
1.490167518730920904e+02
1.584325819809006930e+02
1.513000191654245157e+02
1.532969925907816560e+02
1.536350800171326796e+02
1.531508393355796329e+02
1.536132209558357999e+02
1.537080943760424248e+02
1.531487012337092324e+02
1.541091772297016007e+02
1.535865647321481902e+02
1.533987453265781085e+02
1.538657785033054211e+02
1.549294812238488248e+02
1.539415280205771523e+02
1.537141741432128867e+02
1.540188298794018067e+02
1.539556183553247024e+02
1.536900908961614221e+02
1.547793076172182509e+02
1.549655271146252460e+02
1.539922879339195845e+02
1.542563018745918271e+02
1.544807610924440837e+02
1.550390002121034172e+02
1.550993196811550945e+02
1.541317056633365041e+02
1.551363094338425981e+02
1.546180757813842774e+02
1.549660350750297084e+02
1.546155631036138516e+02
1.548799384717630687e+02
1.554780375585767729e+02
1.552877758065407079e+02
1.550176926816700131e+02
1.554481513979081342e+02
1.551774942762703233e+02
1.554008627377221501e+02
1.552540246238010297e+02
1.554359699368238807e+02
1.558254372495376856e+02
1.554706014306119641e+02
1.556519632504899278e+02
1.556688187504122993e+02
1.560161064185077464e+02
1.559077053876883099e+02
1.558414993670392334e+02
1.564803353286773699e+02
1.556691673290221161e+02
1.563016785955003911e+02
1.562754927987220412e+02
1.557168165165335267e+02
1.569314565642945070e+02
1.558289351135472316e+02
1.563755788565454736e+02
1.568466295322753865e+02
1.561582755335758748e+02
1.568735495807784162e+02
1.563500857639097035e+02
1.562414253290295392e+02
1.575003960842132926e+02
1.564319818986599842e+02
1.564046361051736085e+02
1.565400404593206929e+02
1.572538806903470174e+02
1.571823809627954063e+02
1.573607357400258593e+02
1.569173811496341671e+02
1.023377695751789247e+02
8.190241684049225057e+01
7.358158399470524103e+01
6.828394901577766518e+01
6.439638976455444208e+01
6.132841718961088162e+01
5.879694076638343603e+01
5.664414532026018634e+01
5.477297708798283793e+01
5.311948202369014638e+01
5.163926884171163323e+01
5.030027536453844306e+01
4.907857576748116912e+01
4.795585200450395291e+01
4.691775821543913594e+01
4.595285341345548602e+01
4.505187007937732346e+01
4.420718883548180145e+01
4.341247728900366099e+01
4.266240791805425658e+01
4.195246374576226600e+01
4.127877468348566481e+01
4.063800655107239379e+01
4.002726050938309044e+01
3.944400293715271744e+01
3.888600889539346639e+01
3.835130888607926636e+01
3.783815682218714471e+01
3.734499184141077421e+01
3.687041847632478664e+01
3.641317904763391766e+01
3.597214092923396578e+01
3.554627647538544011e+01
3.513465195359594162e+01
3.473641829681741200e+01
3.435079741589962765e+01
3.397707864797295940e+01
3.361460714197331612e+01
3.326278206247397407e+01
3.292104711711585452e+01
3.258888990158182963e+01
3.226583435934995236e+01
3.195143857382158004e+01
3.164529298773807753e+01
3.134701441975701286e+01
3.105624707234218462e+01
3.077265688927380793e+01
3.049593278602141666e+01
3.022578172181149014e+01
2.996193023626851115e+01
2.970412026831041530e+01
2.945210904807968788e+01
2.920566892821713623e+01
2.896458386392840723e+01
2.872865125891555138e+01
2.849767832507836829e+01
2.827148396094407090e+01
2.804989537412901512e+01
2.783275004414971932e+01
2.761989284772624487e+01
2.741117650590798860e+01
2.720646188435292956e+01
2.700561548425994829e+01
2.680851135943611396e+01
2.661502839800686360e+01
2.642505224064050040e+01
2.623847265100164350e+01
2.605518545240455808e+01
2.587509032028409095e+01
2.569809134399975292e+01
2.552409751284309536e+01
2.535302068857737012e+01
2.518477742650755502e+01
2.501928678760339864e+01
2.485647209786166911e+01
2.469625884245990477e+01
2.453857638568395672e+01
2.438335620427065820e+01
2.423053244391864780e+01
2.408004244071756617e+01
2.393182502785322541e+01
2.378582218113799840e+01
2.364197719470665504e+01
2.350023625699716234e+01
2.336054670374457132e+01
2.322285852502856685e+01
2.308712289874545931e+01
2.295329271186924913e+01
2.282132305228158486e+01
2.269116978913825022e+01
2.256279101284237143e+01
2.243614548996939817e+01
2.231119407261788012e+01
2.218789818692990679e+01
2.206622120309964785e+01
2.194612714006179033e+01
2.182758116564892603e+01
2.171055004685634771e+01
2.159500092358607048e+01
2.148090259215269526e+01
2.136822415340675363e+01
2.125693628553910841e+01
2.114700990860233532e+01
2.103841743756681382e+01
2.093113161512006926e+01
2.082512598679705107e+01
2.072037531245703335e+01
2.061685447644395808e+01
2.051453966424940489e+01
2.041340713667832674e+01
2.031343439679817919e+01
2.021459899582866981e+01
2.011687966664198512e+01
2.002025529183939767e+01
1.992470532156168872e+01
1.983021016382566515e+01
1.973675020334976082e+01
1.964430687771247719e+01
1.955286156756984184e+01
1.946239665909617500e+01
1.937289447185947466e+01
1.928433828546829076e+01
1.919671142288919796e+01
1.910999761468640656e+01
1.902418137003975573e+01
1.893924708745233687e+01
1.885518003304241219e+01
1.877196534774241243e+01
1.868958899969061349e+01
1.828980411889060775e+01
1.821217564491909968e+01
1.813529457093158825e+01
1.805914885472870779e+01
1.798372715290260615e+01
1.790901794616257092e+01
1.783501039863373450e+01
1.776169359479356658e+01
1.768905686212411865e+01
1.761709006343500050e+01
1.754578287198478392e+01
1.747512559034682766e+01
1.740510832433208321e+01
1.733572178925531304e+01
1.726695649437718671e+01
1.719880354322158666e+01
1.713125393025543630e+01
1.706429883913596512e+01
1.699792991745331605e+01
1.693213860198569876e+01
1.686691688073650042e+01
1.680225652902732847e+01
1.673814985968738611e+01
1.667458896507174515e+01
1.661156645962447342e+01
1.654907483155082915e+01
1.648710671699820196e+01
1.636471299025719262e+01
1.618487548853443769e+01
1.600938380182177667e+01
1.595182283951848135e+01
1.589472000440218835e+01
1.583806922666300920e+01
1.578186487106261104e+01
1.572610108316491306e+01
1.567077243327717540e+01
1.561587327405995751e+01
1.556139836860861791e+01
1.550734233968306341e+01
1.545369990591671616e+01
1.540046610871612920e+01
1.534763577215470143e+01
1.529520410849388234e+01
1.524316611410707800e+01
1.519151716931957630e+01
1.514025243800469056e+01
1.508936745944324365e+01
1.503885762679134785e+01
1.498871841289149032e+01
1.493894558124461724e+01
1.488953468180417694e+01
1.484048161916186892e+01
1.479178208378491632e+01
1.474343211667701325e+01
1.469542754603130241e+01
1.464776454479686407e+01
1.460043913850275388e+01
1.455344741872557890e+01
1.450678574133246101e+01
1.446045025277882168e+01
1.441443742731386379e+01
1.436874352749634021e+01
1.432336513823427637e+01
1.427829863739887628e+01
1.423354071827721334e+01
1.418908793190548501e+01
1.414493688146978201e+01
1.410108441284452496e+01
1.405752716839719341e+01
1.401426209242534071e+01
1.397128592536400049e+01
1.392859570301860295e+01
1.388618826128857009e+01
1.384406072641693797e+01
1.380221008724330289e+01
1.376063337465695291e+01
1.371932784295385943e+01
1.367829054979219627e+01
1.363751883134393061e+01
1.359700982939160596e+01
1.355676095675193160e+01
1.351676943394499020e+01
1.347703275069562778e+01
1.343754826184788698e+01
1.339831336002805351e+01
1.335932564196127714e+01
1.332058251544065541e+01
1.328208164686537174e+01
1.324382051529583926e+01
1.320579685282470983e+01
1.316800820471669198e+01
1.313045236741577959e+01
1.309312700567986631e+01
1.305602981810340246e+01
1.301915869140199966e+01
1.298251133044580996e+01
1.294608568152163741e+01
1.290987950972886367e+01
1.287389081858008666e+01
1.283811742956803670e+01
1.280255739961253880e+01
1.276720865801838833e+01
1.273206916248896370e+01
1.269713704818032696e+01
1.266241027315937018e+01
1.262788702219411618e+01
1.259356530546832431e+01
1.255944335674882062e+01
1.252551923539378720e+01
1.249179122040295198e+01
1.245825746775584619e+01
1.242491615741243649e+01
1.239176563684699062e+01
1.235880408195016500e+01
1.232602988174302006e+01
1.229344125742165517e+01
1.226103663969396074e+01
1.222881429334973546e+01
1.219677268794556291e+01
1.216491017475220282e+01
1.213322512581014578e+01
1.210171606981991665e+01
1.207038137225692864e+01
1.203921959760209326e+01
1.200822914951659293e+01
1.197740862889175339e+01
1.194675647728689150e+01
1.191627132981946957e+01
1.188595170652256527e+01
1.185579614585708441e+01
1.182580333329621425e+01
1.179597179865995926e+01
1.176630025851705064e+01
1.173678727501788188e+01
1.170743159669204125e+01
1.167823181832947377e+01
1.164918671917705417e+01
1.162029496593029698e+01
1.159155524191925402e+01
1.156296636922044740e+01
1.153452701971048810e+01
1.150623604345881468e+01
1.147809214055646443e+01
1.145009418802815482e+01
1.142224091485715221e+01
1.139453122497202742e+01
1.136696391411683393e+01
1.133953779199898193e+01
1.131225179986597063e+01
1.128510473408079839e+01
1.125809556112327492e+01
1.123122310217975617e+01
1.120448634652733411e+01
1.117788414107433503e+01
1.115141549832693002e+01
1.112507932776058261e+01
1.109887454987997479e+01
1.107280021031522921e+01
1.104685521528996084e+01
1.102103863222258262e+01
1.099534939000628420e+01
1.096978657604191021e+01
1.094434914113442048e+01
1.091903619337913511e+01
1.089384674172016965e+01
1.086877980503986763e+01
1.084383452050484919e+01
1.081900989133403712e+01
1.079430507380269333e+01
1.076971909186153731e+01
1.074525111942989852e+01
1.072090019915879111e+01
1.069666552353907463e+01
1.067254618902160423e+01
1.064854130195446835e+01
1.062465008012605594e+01
1.060087161270225664e+01
1.057720513475084090e+01
1.055364975352678414e+01
1.053020472038832978e+01
1.050686915917036046e+01
1.048364233699754244e+01
1.046052342817057301e+01
1.043751161606657618e+01
1.041460619045103186e+01
1.039180631670833144e+01
1.036911129971112189e+01
1.034652032086367512e+01
1.032403270010254737e+01
1.030164763362390623e+01
1.027936445474363758e+01
1.025718240720461871e+01
1.023510074256665447e+01
1.021311881492636431e+01
1.019123585752096695e+01
1.016945123725844091e+01
1.014776420202530893e+01
1.012617413186242388e+01
1.010468028847968647e+01
1.008328206380381609e+01
1.006197876358761434e+01
1.004076970046732242e+01
1.001965428533126712e+01
9.998631812634684479e+00
9.977701704410824490e+00
9.956863268068179451e+00
9.936115937268976239e+00
9.915459032367749614e+00
9.894891997640447912e+00
9.874414194362064023e+00
9.854024990012575813e+00
9.833723845830064647e+00
9.813510111576579931e+00
9.793383258432632132e+00
9.773342647249465998e+00
9.753387759909958987e+00
9.733517968660505559e+00
9.713732765413032766e+00
9.694031561043429335e+00
9.674413772299661929e+00
9.654878905659460386e+00
9.635426360215854302e+00
9.616055651620936118e+00
9.596766188699630717e+00
9.577557496572847384e+00
9.558428994242659016e+00
9.539380216334686580e+00
9.520410618410068082e+00
9.501519661585959398e+00
9.482706893079901889e+00
9.463971756134581526e+00
9.445313806705584625e+00
9.426732496805803052e+00
9.408227390422608138e+00
9.389797949025055601e+00
9.371443744938380505e+00
9.353164274775389586e+00
9.334959039479306497e+00
9.316827622937051245e+00
9.298769508442356724e+00
9.280784287880171846e+00
9.262871452706933795e+00
9.245030601809128612e+00
9.227261235102604431e+00
9.209562958899754292e+00
9.191935306952883522e+00
9.174377816254954965e+00
9.156890103774069090e+00
9.139471689220941997e+00
9.122122196583253739e+00
9.104841153415362598e+00
9.087628190012029705e+00
9.070482841177087252e+00
9.053404744146966721e+00
9.036393465703939754e+00
9.019448576192772293e+00
9.002569722275721276e+00
8.985756456750468857e+00
8.969008432747125781e+00
8.952325210320655202e+00
8.935706448497873211e+00
8.919151713709355889e+00
8.902660671189797981e+00
8.886232917744743887e+00
8.869868054033631211e+00
8.853565753624010881e+00
8.837325599440184476e+00
8.821147271129509804e+00
8.805030358047440942e+00
8.788974545578760456e+00
8.772979428877953012e+00
8.757044698579946385e+00
8.741169979025960046e+00
8.725354897922061426e+00
8.709599153826587781e+00
8.693902356963748801e+00
8.678264211063657640e+00
8.662684332317629909e+00
8.647162429792745186e+00
8.631698125139728006e+00
8.616291131994115560e+00
8.600941099830333059e+00
8.585647681031890244e+00
8.570410596896111954e+00
8.555229482603571967e+00
8.540104063797494760e+00
8.525033981308981268e+00
8.510018965477620156e+00
8.495058662480454714e+00
8.480152806804673205e+00
8.465301070905029590e+00
8.450503129900287291e+00
8.435758725308632577e+00
8.421067515666818437e+00
8.406429246427704172e+00
8.391843581000344443e+00
8.377310269198543935e+00
8.362828979453627909e+00
8.348399465500076388e+00
8.334021420768442212e+00
8.319694541214420980e+00
8.305418586792530533e+00
8.291193237488430512e+00
8.277018256837871846e+00
8.262893328975717822e+00
8.248818221593916533e+00
8.234792623292550573e+00
8.220816305659729650e+00
8.206888981286214246e+00
8.193010365251469196e+00
8.179180234512331893e+00
8.165398288331029875e+00
8.151664307218494443e+00
8.137977994223362543e+00
8.124339133394965273e+00
8.110747431952756159e+00
8.097202677630543022e+00
8.083704600824706432e+00
8.070252934131749711e+00
8.056847470088261076e+00
8.043487925676924277e+00
8.030174096986511856e+00
8.016905704478935135e+00
8.003682547193035290e+00
7.990504349588722022e+00
7.977370913949722642e+00
7.964281987314279831e+00
7.951237318326258574e+00
7.938236713811241074e+00
7.925279907224411780e+00
7.912366708559345874e+00
7.899496854729128437e+00
7.886670158401238417e+00
7.873886359946443037e+00
7.861145275061813820e+00
7.848446665962768520e+00
7.835790296258961618e+00
7.823175985845538527e+00
7.810603483404717551e+00
7.798072611670819221e+00
7.785583122789712540e+00
7.773134841943920570e+00
7.760727524210390804e+00
7.748360997697089303e+00
7.736035038398237695e+00
7.723749423981075779e+00
7.711503986284158785e+00
7.699298488075367430e+00
7.687132763925933254e+00
7.675006579733473444e+00
7.662919772540140784e+00
7.650872110922185776e+00
7.638863434413537767e+00
7.626893531799405324e+00
7.614962193605553153e+00
7.603069262812746310e+00
7.591214515190727319e+00
7.579397796229838669e+00
7.567618884531444046e+00
7.555877628106234312e+00
7.544173808031845674e+00
7.532507274375278783e+00
7.520877827842415542e+00
7.509285270644944887e+00
7.497729456261922998e+00
7.486210172451009726e+00
7.474727274775651686e+00
7.463280553727692279e+00
7.451869867135277659e+00
7.440495007983958686e+00
7.429155835962324872e+00
7.417852162830630647e+00
7.406583801680617363e+00
7.395350615562743535e+00
7.384152403492886485e+00
7.372989030298326973e+00
7.361860297534381203e+00
7.350766072055863631e+00
7.339706157957732735e+00
7.328680423806752664e+00
7.317688691627634689e+00
7.306730784686667590e+00
7.295806574672574207e+00
7.284915871282615640e+00
7.274058547841332434e+00
7.263234416197291488e+00
7.252443351645332825e+00
7.241685168347834711e+00
7.230959743355510838e+00
7.220266908146511398e+00
7.209606495447717478e+00
7.198978384978566680e+00
7.188382396277470221e+00
7.177818410640517399e+00
7.167286249470206982e+00
7.156785795893551239e+00
7.146316873406749259e+00
7.135879366965613535e+00
7.125473116833188847e+00
7.115097964543472209e+00
7.104753797324756981e+00
7.094440443690655407e+00
7.084157792525146213e+00
7.073905674075383843e+00
7.063683978729783597e+00
7.053492538773078913e+00
7.043331246250595257e+00
7.033199949853107924e+00
7.023098499243296544e+00
7.013026788615071005e+00
7.002984654891394989e+00
6.992971993906619055e+00
6.982988644256664656e+00
6.973034503039599485e+00
6.963109410765341956e+00
6.953213266011077920e+00
6.943345925378478611e+00
6.933507246099392063e+00
6.923697128836299619e+00
6.913915418434783078e+00
6.904162016995996964e+00
6.894436771108656714e+00
6.884739584042071314e+00
6.875070303996722920e+00
6.865428835691849585e+00
6.855815042901347134e+00
6.846228790143003451e+00
6.836669984020820934e+00
6.827138476792845800e+00
6.817634176412672886e+00
6.808156936870934928e+00
6.798706667252259805e+00
6.789283222930794892e+00
6.779886514356181948e+00
6.770516411957486547e+00
6.761172787115238947e+00
6.751855551945698863e+00
6.742564565649133534e+00
6.733299741686178841e+00
6.724060940801070529e+00
6.714848077671354609e+00
6.705661014333407444e+00
6.696499666572591991e+00
6.687363911111611436e+00
6.678253625561579199e+00
6.669168727364771954e+00
6.660109082166491667e+00
6.651074608557446588e+00
6.642065173637806019e+00
6.633080697230641753e+00
6.624121047687092201e+00
6.615186145743658486e+00
6.606275874037373264e+00
6.597390115964681279e+00
6.588528793985302556e+00
6.579691779776219995e+00
6.570878996711766007e+00
6.562090317915645343e+00
6.553325667839020596e+00
6.544584920932281946e+00
6.535868002493782747e+00
6.527174800707026492e+00
6.518505204452844204e+00
6.509859140699470359e+00
6.501236486963101413e+00
6.492637171025050336e+00
6.484061071668851817e+00
6.475508117684141141e+00
6.466978189197085669e+00
6.458471215819840516e+00
6.449987090924421018e+00
6.441525708558144991e+00
6.433086999846323373e+00
6.424670847847949950e+00
6.416277184443243797e+00
6.407905893738737646e+00
6.399556908631553576e+00
6.391230114423506414e+00
6.382925444919926861e+00
6.374642798313794323e+00
6.366382073507269368e+00
6.358143205562675426e+00
6.349926082599791854e+00
6.341730640485089054e+00
6.333556768284536176e+00
6.325404402735778753e+00
6.317273434029779366e+00
6.309163799846386311e+00
6.301075402958957739e+00
6.293008146820159965e+00
6.284961970193246650e+00
6.276936765911169225e+00
6.268932473623485713e+00
6.260948987051577319e+00
6.252986246526686109e+00
6.245044146899314086e+00
6.237122629320338341e+00
6.229221601029115263e+00
6.221340969710205115e+00
6.213480677591498136e+00
6.205640621996596273e+00
6.197820745977699275e+00
6.190020947785757954e+00
6.182241171071024333e+00
6.174481315078818255e+00
6.166741324224062737e+00
6.159021109913203063e+00
6.151320583856841218e+00
6.143639691515849321e+00
6.135978334469570861e+00
6.128336458904283468e+00
6.120713967399154853e+00
6.113110806697076072e+00
6.105526880191897376e+00
6.097962135407452244e+00
6.090416487530262657e+00
6.082889852214623083e+00
6.075382177903457581e+00
6.067893370195196923e+00
6.060423378256593274e+00
6.052972108628950743e+00
6.045539511080696649e+00
6.038125492883245293e+00
6.030730004476532180e+00
6.023352964624725026e+00
6.015994292670826304e+00
6.008653939887132367e+00
6.001331815660257085e+00
5.994027871972019028e+00
5.986742019054709374e+00
5.979474209570200927e+00
5.972224354438560034e+00
5.964992406836908678e+00
5.957778288955272394e+00
5.950581923477597179e+00
5.943403264474113712e+00
5.936242224867695150e+00
5.929098759283458975e+00
5.921972781483650472e+00
5.914864246734492070e+00
5.907773069521570442e+00
5.900699205555501869e+00
5.893642580263668940e+00
5.886603119496536252e+00
5.879580779926626199e+00
5.872575477850722869e+00
5.865587170369044756e+00
5.858615774604105653e+00
5.851661248215410893e+00
5.844723509118296079e+00
5.837802515386689706e+00
5.830898195509467641e+00
5.824010478377338984e+00
5.817139322973701177e+00
5.810284648926868023e+00
5.803446415619247567e+00
5.796624543357196124e+00
5.789818992084527771e+00
5.783029682864291310e+00
5.776256576094445983e+00
5.769499603127499654e+00
5.762758695731503344e+00
5.756033815070630055e+00
5.749324883909769035e+00
5.742631863799176450e+00
5.735954678057061606e+00
5.729293288794894856e+00
5.722647620006267033e+00
5.716017634330412989e+00
5.709403265813869588e+00
5.702804448949834182e+00
5.696221146998618146e+00
5.689653285569931107e+00
5.683100828384685776e+00
5.676563701575594756e+00
5.670041869294980330e+00
5.663535258348604273e+00
5.657043833393999854e+00
5.650567531122956844e+00
5.644106288580849728e+00
5.637660071002114748e+00
5.631228806703211909e+00
5.624812461432934008e+00
5.618410964013059505e+00
5.612024280513193908e+00
5.605652340427520031e+00
5.599295110261666153e+00
5.592952529269044071e+00
5.586624536897777382e+00
5.580311100242795419e+00
5.574012150233510710e+00
5.567727654405705273e+00
5.561457544260446362e+00
5.555201787633161636e+00
5.548960316572737028e+00
5.542733099354694382e+00
5.536520077579701216e+00
5.530321193059113405e+00
5.524136414614564394e+00
5.517965675659301183e+00
5.511808945418385619e+00
5.505666157927077364e+00
5.499537282698461205e+00
5.493422254206289601e+00
5.487321042413579875e+00
5.481233591096408730e+00
5.475159844362963213e+00
5.469099772646337065e+00
5.463053311722372740e+00
5.457020432449912306e+00
5.451001071154733424e+00
5.444995199052475421e+00
5.439002752884546155e+00
5.433023704206268789e+00
5.427057998885878476e+00
5.421105583138865036e+00
5.415166428993755332e+00
5.409240474450338176e+00
5.403327691909809438e+00
5.397428019881663097e+00
5.391541431180052690e+00
5.385667864714318576e+00
5.379807293540599389e+00
5.373959665533758923e+00
5.368124928860003031e+00
5.362303057107239646e+00
5.356493990375919445e+00
5.350697702524022326e+00
5.344914134179556520e+00
5.339143259552135312e+00
5.333385019730901178e+00
5.327639389151714866e+00
5.321906317598495306e+00
5.316185755115725442e+00
5.310477676697440863e+00
5.304782024513456484e+00
5.299098773776023563e+00
5.293427867132295184e+00
5.287769280112291526e+00
5.282122955877039061e+00
5.276488870171736068e+00
5.270866974595571186e+00
5.265257220998468490e+00
5.259659585651708547e+00
5.254074012749788913e+00
5.248500478768158395e+00
5.242938928279410327e+00
5.237389338099026403e+00
5.231851653252816092e+00
5.226325850834605546e+00
5.220811884135533099e+00
5.215309706725155259e+00
5.209819296102871533e+00
5.204340598333621948e+00
5.198873591148159612e+00
5.193418220936041330e+00
5.187974465728907525e+00
5.182542272333316546e+00
5.177121619116045181e+00
5.171712460983649784e+00
5.166314753143389282e+00
5.160928474274045108e+00
5.155553572174269128e+00
5.150190025814137762e+00
5.144837783301004386e+00
5.139496823817383486e+00
5.134167095905801226e+00
5.128848579032025512e+00
5.123541229748655113e+00
5.118245004789259589e+00
5.112959883949118378e+00
5.107685816701283521e+00
5.102422783134466400e+00
5.097170733051685332e+00
5.091929646707038515e+00
5.086699474301470403e+00
5.081480196341407130e+00
5.076271770949017714e+00
5.071074156314237413e+00
5.065887333289605721e+00
5.060711252965502283e+00
5.055545896439299192e+00
5.050391215185109139e+00
5.045247190455225628e+00
5.040113774035721583e+00
5.034990947452925525e+00
5.029878670224357862e+00
5.024776902032344061e+00
5.019685624697210358e+00
5.014604790855452521e+00
5.009534382576855904e+00
5.004474352883515387e+00
4.999424684022754306e+00
4.994385329280159880e+00
4.989356271148774447e+00
4.984337470478829246e+00
4.979328888376990392e+00
4.974330507581077754e+00
4.969342282206709704e+00
4.964364195262019663e+00
4.959396201199774978e+00
4.954438283260734543e+00
4.949490396148770621e+00
4.944552523273352485e+00
4.939624626789584916e+00
4.934706669070469509e+00
4.929798633817851439e+00
4.924900476531560933e+00
4.920012181109599148e+00
4.915133703389381381e+00
4.910265027509302271e+00
4.905406109575555895e+00
4.900556933852119101e+00
4.895717463742079723e+00
4.890887662827002380e+00
4.886067515725249777e+00
4.881256979261673123e+00
4.876456038178554664e+00
4.871664649655854440e+00
4.866882798634403429e+00
4.862110442612463501e+00
4.857347566648476445e+00
4.852594135338960335e+00
4.847850113450452803e+00
4.843115486384195201e+00
4.838390212321536765e+00
4.833674276777122358e+00
4.828967638217080527e+00
4.824270282357328021e+00
4.819582167989421073e+00
4.814903280965814325e+00
4.810233587011516043e+00
4.805573052028218939e+00
4.800921662156483194e+00
4.796279376881043000e+00
4.791646182448587865e+00
4.787022038558079728e+00
4.782406931677557260e+00
4.777800821789734975e+00
4.773203695549415926e+00
4.768615519745810438e+00
4.764036261367238012e+00
4.759465907282919517e+00
4.754904418146936429e+00
4.750351780981115546e+00
4.745807956640185843e+00
4.741272932306413779e+00
4.736746669117327890e+00
4.732229154453880149e+00
4.727720356160464377e+00
4.723220242254040357e+00
4.718728800298101156e+00
4.714245992062909174e+00
4.709771805312478854e+00
4.705306202008701533e+00
4.700849170012491030e+00
4.696400671585421627e+00
4.691960694750915373e+00
4.687529208411715054e+00
4.683106181554626879e+00
4.678691602402864191e+00
4.674285433822889857e+00
4.669887664210031986e+00
4.665498256663187959e+00
4.661117199663673105e+00
4.656744456552010192e+00
4.652380015973097471e+00
4.648023847811412423e+00
4.643675922015662927e+00
4.639336227425587822e+00
4.635004727962556359e+00
4.630681412615072823e+00
4.626366245580304515e+00
4.622059215927142084e+00
4.617760288032381588e+00
4.613469451147245159e+00
4.609186676050861742e+00
4.604911933660836176e+00
4.600645213387571708e+00
4.596386480165944199e+00
4.592135723571194816e+00
4.587892908786820989e+00
4.583658025508795753e+00
4.579431039086707678e+00
4.575211939348650780e+00
4.571000697941514979e+00
4.566797286683450530e+00
4.562601695556359971e+00
4.558413890459354079e+00
4.554233861528802052e+00
4.550061574887908300e+00
4.545897020837458946e+00
4.541740165659657436e+00
4.537590999731346386e+00
4.533449495547695385e+00
4.529315625744923857e+00
4.525189380894602209e+00
4.521070727807781076e+00
4.516959657154653307e+00
4.512856135983279060e+00
4.508760155106955381e+00
4.504671681767848490e+00
4.500590706844075584e+00
4.496517203645255201e+00
4.492451145601616957e+00
4.488392523820590618e+00
4.484341306015976691e+00
4.480297483357619015e+00
4.476261023786360482e+00
4.472231918593739586e+00
4.468210135954617357e+00
4.464195667221082964e+00
4.460188486484924830e+00
4.456188567954335156e+00
4.452195903201545235e+00
4.448210460854205905e+00
4.444232232542816519e+00
4.440261187067215509e+00
4.436297316193904550e+00
4.432340588936360959e+00
4.428390997156393283e+00
