3.529257696067091388e+01
4.511590242932812345e+01
5.492312697243285413e+01
5.841208158524748484e+01
6.250448268491053483e+01
6.636561511199202812e+01
6.847786361446546266e+01
7.148619194259558185e+01
7.284509626318279629e+01
7.515909498291333080e+01
7.591038461251858394e+01
7.828532179852069817e+01
7.871805867849290905e+01
8.093068581974462461e+01
8.129706975398670465e+01
8.267623572618188632e+01
8.308959661425620880e+01
8.417776654235049705e+01
8.469057812358467174e+01
8.573484068612037845e+01
8.682413070193589988e+01
8.733662119910333388e+01
8.828896067376277301e+01
8.866595587135989831e+01
8.962650851468549718e+01
8.960758404159440715e+01
9.086908630076581517e+01
9.110475110609642968e+01
9.158325873522979066e+01
9.224231382385144684e+01
9.261018887473707650e+01
9.293331411922382301e+01
9.402417689820870805e+01
9.409743252455925244e+01
9.437827516638847669e+01
9.484516422375220657e+01
9.562454560862680353e+01
9.580596546502444255e+01
9.624085286541556172e+01
9.622402349348121220e+01
9.680443458369110488e+01
9.721066910960944085e+01
9.744105856288193479e+01
9.821528426709109283e+01
9.768851757632718602e+01
9.905287189858606212e+01
9.877125543363304416e+01
9.943847981289957261e+01
9.928894702807296824e+01
1.004909167010974329e+02
9.976756659672301453e+01
1.006981707682224112e+02
1.005225630873795097e+02
1.015622789259711709e+02
1.010921155074823474e+02
1.018378028440773448e+02
1.017326337757799735e+02
1.022695266872252375e+02
1.023398903832219702e+02
1.030909581743682537e+02
1.026863771377707764e+02
1.031896597560414364e+02
1.033367745234473603e+02
1.038201984821139945e+02
1.038505809295745337e+02
1.038651186974160652e+02
1.047736223397865416e+02
1.043422190663546587e+02
1.048680185765351496e+02
1.047909705801584579e+02
1.055147817149953511e+02
1.051671476212245295e+02
1.058515322506745804e+02
1.056683998435077569e+02
1.062718215623928870e+02
1.061593536470632557e+02
1.067604611478764127e+02
1.063801923791615991e+02
1.067387421423563296e+02
1.072218779053715707e+02
1.071746846393673849e+02
1.075287140850332150e+02
1.073252727504699351e+02
1.079994012398332615e+02
1.078343403432791661e+02
1.082575439005792788e+02
1.079992588078521578e+02
1.088379380144361761e+02
1.084613666012691340e+02
1.088289500307395343e+02
1.087327754483245883e+02
1.096150026686329682e+02
1.090279576189453934e+02
1.096357015173564804e+02
1.096226183973220145e+02
1.097796018332598180e+02
1.097494973502434021e+02
1.101969306297812352e+02
1.103176428216065403e+02
1.103441659985117411e+02
1.104005001855158099e+02
1.103650145710937096e+02
1.109261782642785619e+02
1.105803095549356527e+02
1.115455738953014446e+02
1.108353307506049958e+02
1.115749593387030529e+02
1.113118694152097419e+02
1.118518521161285690e+02
1.117709130103536239e+02
1.120303237395307860e+02
1.120096597316630920e+02
1.123914591375819896e+02
1.121669010411737162e+02
1.122978952073248706e+02
1.126122422589528327e+02
1.128810839247057771e+02
1.126985084844438916e+02
1.132289746611954229e+02
1.131198569356394756e+02
1.132751023277574092e+02
1.275194441703363566e+02
1.379720716012180048e+02
1.419437975034881276e+02
1.451578031750750029e+02
1.477325500254056863e+02
1.485029201455387238e+02
1.504274546564106174e+02
1.509432902451586074e+02
1.519277260712796362e+02
1.526357010411130091e+02
1.531991841304510729e+02
1.547466411887828031e+02
1.545743885666619235e+02
1.556522975617820066e+02
1.553938949422471865e+02
1.561389383337108541e+02
1.568339716137940343e+02
1.574185283219070470e+02
1.572663421762141809e+02
1.575379767403395874e+02
1.581382917202950011e+02
1.589480937104045495e+02
1.593085506010546624e+02
1.585966271840924264e+02
1.606041707099595897e+02
1.601394335685402268e+02
1.597437673097491597e+02
1.608727372253920578e+02
1.595683324897139528e+02
1.613560778299806771e+02
1.613684436166134049e+02
1.616262473510292637e+02
1.619728085576341527e+02
1.620000000350968890e+02
1.626514821163538045e+02
1.623549159680194123e+02
1.638245148708715817e+02
1.625366674858159399e+02
1.637659173415813427e+02
1.636062840156562856e+02
1.632299300518299674e+02
1.646717908658128238e+02
1.640274951721245884e+02
1.649922358430732174e+02
1.645314147670825662e+02
1.643574686073030762e+02
1.656901270741953738e+02
1.653446648314468064e+02
1.660769968924936109e+02
1.653803544664021388e+02
1.663571577443579201e+02
1.659402210720630535e+02
1.662799476750506642e+02
1.671278375357320272e+02
1.657945035079517311e+02
1.673852492200991264e+02
1.664223177684178836e+02
1.679865774124240829e+02
1.664224191385551421e+02
1.677160662155299633e+02
1.683611953519655913e+02
1.680132842702464302e+02
1.683028529967992313e+02
1.678010932816770264e+02
1.678970423025617436e+02
1.678979016372274486e+02
1.689983686286470288e+02
1.679910053002497250e+02
1.694965158497496418e+02
1.693280895299722033e+02
1.693193428189810277e+02
1.697534679092539704e+02
1.695197989224829769e+02
1.700776000592384491e+02
1.694946646984179779e+02
1.703326158938883452e+02
1.700930757839294643e+02
1.704875277005530734e+02
1.709131531291780846e+02
1.695453075976371622e+02
1.711560433095468738e+02
1.702503040181074709e+02
1.714262676151018070e+02
1.713369448310381813e+02
1.709006074261610308e+02
1.722091368886724183e+02
1.709442534810166023e+02
1.724364172303000089e+02
1.707681447172742537e+02
1.724023707792294431e+02
1.724336171729423199e+02
1.718306032796814122e+02
1.716425469761823024e+02
1.726472866153826544e+02
1.739003066697987094e+02
1.721356636239407578e+02
1.724442687430227750e+02
1.726903805417380511e+02
1.736676953481643579e+02
1.735305865381284605e+02
1.716861578192164473e+02
1.740856814276316413e+02
1.732782262274056109e+02
1.741886771867125674e+02
1.739830091439071680e+02
1.736216930709140911e+02
1.741779588267810084e+02
1.740998246585054119e+02
1.744337851962125114e+02
1.737258719810575371e+02
1.746548922052888884e+02
1.756010280960524881e+02
1.738984772677329147e+02
1.750135283270329580e+02
1.743008630748479391e+02
1.756766890769137035e+02
1.749844731016549986e+02
1.756312782083915920e+02
1.755766378493194395e+02
1.746421988979499531e+02
1.765899238581272073e+02
2.047327462957181865e+02
1.985445730409407759e+02
2.050034701272797406e+02
2.099154153445885242e+02
2.137806954865541798e+02
2.169845036087095878e+02
2.191759960638556777e+02
2.202883863419127692e+02
2.221442547250747452e+02
2.226230508525154050e+02
2.231058902270196427e+02
2.223894110386356715e+02
2.234066584343929946e+02
2.241463756308958466e+02
2.252217364133538524e+02
2.254068566676615148e+02
2.269116058005948844e+02
2.264434060671728162e+02
2.275064377470104375e+02
2.286144356344493644e+02
2.292977386018030188e+02
2.280434088171406302e+02
2.291667797445085455e+02
2.298707723200806186e+02
2.300964057501295201e+02
2.302625089680449548e+02
2.301079878205915463e+02
2.307297623944163831e+02
2.310832482488716551e+02
2.324327873960738771e+02
2.308907574567016070e+02
2.323759868992954694e+02
2.320280440461869773e+02
2.315764966888954746e+02
2.341611967415215361e+02
2.327390694873797088e+02
2.335803311718281066e+02
2.327937645426400195e+02
2.327885469178801543e+02
2.333020231956254520e+02
2.364197180628891886e+02
2.328124057040037655e+02
2.342507735458972604e+02
2.348596427028015512e+02
2.347291253313622974e+02
2.363419258969771590e+02
2.347792430942335216e+02
2.354286747180115924e+02
2.353954348573867037e+02
2.354638277545581104e+02
2.363183413925098364e+02
2.362234256705005464e+02
2.351915030516400975e+02
2.372427355923006189e+02
2.378864808127152628e+02
2.363567423846346855e+02
2.372517558369694655e+02
2.359473901031190621e+02
2.366738339983535298e+02
2.352299136087154636e+02
2.390968459177922227e+02
2.373424841919028552e+02
2.387570552536633670e+02
2.371204636912700323e+02
2.389471547436768049e+02
2.378288396217865284e+02
2.383398886384453874e+02
2.398063340764764746e+02
2.384677486342230850e+02
2.392909913600119580e+02
2.396424299044052475e+02
2.387292274521063007e+02
2.402354469108434500e+02
2.401595598867797037e+02
2.392403742949952630e+02
2.390084640117279378e+02
2.417345921291739614e+02
2.382893618082606793e+02
2.418894717462230801e+02
2.400551585710684890e+02
2.408139922185505952e+02
2.405204537528836397e+02
2.417591086583438482e+02
2.400920666931847336e+02
2.407918613798963463e+02
2.410208416411659869e+02
2.423081690505793233e+02
2.412130675720148361e+02
2.409673246561324618e+02
2.421935706753612862e+02
2.419426991248602405e+02
2.413258729965927785e+02
2.417589183869232556e+02
2.432521828461913174e+02
2.400736105942094980e+02
2.441817570859699629e+02
2.420643112332786018e+02
2.432345711445335610e+02
2.421879235898917386e+02
2.433542210909918140e+02
2.421517248500911421e+02
2.431016505661399947e+02
2.432651971244952733e+02
2.440104097145153617e+02
2.438017618058406697e+02
2.438583722769209601e+02
2.429665970886548791e+02
2.442324057691449468e+02
2.438102235397056177e+02
2.438649032891813420e+02
2.444982767374131356e+02
2.448687264267636579e+02
2.439691623934367897e+02
2.434983111428772133e+02
2.457148059613983548e+02
2.438082359276296529e+02
2.449623758066902610e+02
2.445891182986355830e+02
2.447430247468798825e+02
2.448956374294687066e+02
1.779535831615911832e+02
1.337654051560592166e+02
1.188493229519820602e+02
1.096896847843974143e+02
1.030767257721706756e+02
9.790723775621171399e+01
9.366861799660802035e+01
9.008048521689752874e+01
8.697266688706046978e+01
8.423406869098371885e+01
