2.206384887970209707e-01
3.166140008376620591e-03
8.277849297787263916e-02
7.730516571538332930e-03
-1.652075212812742500e-02
-9.333138600390450401e-03
-3.177588398501313138e-02
-1.694965957754249186e-02
-3.328874001927457221e-02
-2.103363755231316481e-02
-4.239690696753856125e-02
-2.204384440410260201e-02
-4.026372576209404780e-02
-1.630891042100078916e-02
-2.675945601929419562e-02
-1.752521388715654049e-02
-2.848592011849269273e-02
-2.722831593764832650e-02
-3.760980084051264438e-02
-3.702530643880234951e-02
-3.002900835031447474e-02
-3.247621117579371081e-02
-2.539101362445476961e-02
-2.884191897234697141e-02
-2.028976073079744730e-02
-3.212904039401969641e-02
-1.899091290829837270e-02
-2.176705927700412282e-02
-2.263975060346715834e-02
-1.920442053116615255e-02
-2.077847714671151452e-02
-2.515546165971482839e-02
-1.181204307971035067e-02
-1.483893512428230768e-02
-1.802428487192389225e-02
-1.854527413213712811e-02
-1.024520771517856491e-02
-1.141889222841565611e-02
-9.272516970941750356e-03
-1.778334450404558259e-02
-1.691903761096371500e-02
-1.713844462031897595e-02
-2.092952846189506666e-02
-1.292262832178640332e-02
-3.071816176043079549e-02
-1.449263812436804924e-02
-2.330273508708388674e-02
-1.759785554753431902e-02
-2.656387198867421473e-02
-9.440181574716197122e-03
-2.580981866728455573e-02
-1.672284303474710909e-02
-2.498416233871824169e-02
-1.072255933489656317e-02
-2.163179664494814525e-02
-1.398056574107537676e-02
-1.978008323531097248e-02
-1.547553428316206930e-02
-1.826494995657325371e-02
-7.567808275239858336e-03
-1.709921821003733064e-02
-1.422957229285816416e-02
-1.605530483149287049e-02
-1.123620493224767279e-02
-1.352952195086833294e-02
-1.894285205860185214e-02
-6.491930789800371727e-03
-1.571428562738853840e-02
-1.160676100766227375e-02
-1.721650625665506473e-02
-8.294928096930324901e-03
-1.706552481147805694e-02
-9.610222932486393518e-03
-1.554469940531411944e-02
-8.653479701038803776e-03
-1.265730036705395994e-02
-4.518055406998851276e-03
-1.333321851771535407e-02
-1.294457765194433931e-02
-7.426968377803109048e-03
-9.961524046044124489e-03
-6.483903423562531465e-03
-1.337565273347402113e-02
-5.502261989972819477e-03
-9.946862248422179420e-03
-5.641190897256177263e-03
-1.341284664181094377e-02
-2.202017815705361887e-03
-9.399113043717327240e-03
-7.079156610942870589e-03
-1.249991305603273019e-02
5.081508679631883746e-04
-9.819098389521377021e-03
-3.263145506680829519e-03
-4.625914653368822654e-03
-4.439755615646553792e-03
-8.424075969036973546e-03
-4.175074966548260672e-03
-3.290937464055369507e-03
-4.902738655050336257e-03
-7.471528222465932678e-03
-1.327957902413433137e-02
-8.262484814274511161e-03
-1.779293098068853926e-02
-4.966232670503237245e-03
-1.812539670543452525e-02
-1.056626633461422472e-02
-1.709360037035867474e-02
-1.132688504508784326e-02
-1.383745814464945947e-02
-1.174868250124696915e-02
-1.412218820946859257e-02
-9.763739007612797990e-03
-1.532282325488024642e-02
-1.772858022272810058e-02
-1.616182798793212166e-02
-1.321849731871475170e-02
-1.815993868389621096e-02
-1.176230253879438289e-02
-1.389658806533117588e-02
-1.333069529782782668e-02
2.689740873996374765e-03
3.991803486569655418e-02
3.881942146235514701e-02
4.224407229126779517e-02
4.865555723837520358e-02
4.075101461093686567e-02
4.667582890370560594e-02
4.130289750432591944e-02
4.069131811031813373e-02
3.853386948732324263e-02
3.526707519242309324e-02
4.378523653484658884e-02
3.717234042269251110e-02
4.200156650577762524e-02
3.424397151342710444e-02
3.478638503534469545e-02
3.640270916852532401e-02
3.822211553753334518e-02
3.253823245206637765e-02
2.921243945583392593e-02
2.928295238232688294e-02
3.301155700270683863e-02
3.397030361109291963e-02
2.295913013402025790e-02
3.774797936757028072e-02
3.291033719952735082e-02
2.520904368972314707e-02
3.139284855889585418e-02
1.438779203742050934e-02
2.440836585359156680e-02
2.196115849355895558e-02
2.107577218337057870e-02
2.119556276334338268e-02
1.827687586304086592e-02
2.119496814675360385e-02
1.568064569195484065e-02
2.693530862511981858e-02
1.391101133312976079e-02
2.128899863775683340e-02
1.825560106611673339e-02
1.115492148774793225e-02
2.095606790683848461e-02
1.393873444274200055e-02
2.033427626803034627e-02
1.489641932153328019e-02
9.544498418634762490e-03
1.859014466191526160e-02
1.489444684409693166e-02
2.025030060389002712e-02
1.283380078696951671e-02
1.924346742282022696e-02
1.441136540274408351e-02
1.492570967946129507e-02
2.152808309961312325e-02
8.014427292340588552e-03
1.868018303838785144e-02
8.741768058195447180e-03
2.034696398485153282e-02
5.250270206493910970e-03
1.250438568320695609e-02
1.794964142842781982e-02
1.514104704756238928e-02
1.674964240258173045e-02
1.064259514991692211e-02
7.883010410262774464e-03
3.882614683676505109e-03
1.060112049027315574e-02
-3.520656941333857913e-04
9.570242723839834931e-03
8.152892370901314995e-03
7.001535540452908692e-03
9.721248331712756263e-03
6.823200712587075903e-03
1.041152072667029214e-02
4.077956687499962977e-03
9.179140463032330055e-03
6.255637694944588510e-03
8.180744613115454450e-03
1.151914535386879684e-02
-2.257017716138389959e-03
7.901060585092324964e-03
-1.207091035030006870e-03
6.367897997298924834e-03
5.574687794939045191e-03
3.227912884605073861e-04
1.028462636454468247e-02
-7.604092991585071877e-04
1.012564346205683391e-02
-5.120711522220538527e-03
5.337491815589055257e-03
6.058965108009025692e-03
8.920402722509249012e-07
-4.942592137201815006e-03
7.490033674887502978e-04
1.258471528368275763e-02
-1.022021746159521450e-03
-1.752859003497037136e-03
-2.311389421819990461e-03
4.928801398414870555e-03
4.669800016954626931e-03
-1.372833211796457148e-02
1.902398091104608039e-03
-4.713722297319760876e-03
1.835670824128832635e-03
6.527834805951708520e-04
-3.396334593163336576e-03
-3.350114939806243851e-04
-1.702470806044236330e-03
2.124764392802578022e-04
-7.235745133722203473e-03
-1.926817567853926364e-03
6.905508469410505563e-03
-6.901284051146652603e-03
-4.017027781260314200e-04
-7.718222775504075296e-03
2.075255951908720059e-03
-3.177394217739240318e-03
1.422257905331480912e-03
1.373466353420693372e-03
-7.974171197111105600e-03
6.624857950784791664e-03
1.390819505181058180e-01
5.004192371109073695e-02
4.629640374761581634e-02
4.449482602322012148e-02
4.455556614700230400e-02
4.685206764049311412e-02
4.746719861329064261e-02
4.386737447692052455e-02
4.652753618751550441e-02
4.248233291309982257e-02
3.839159681337921126e-02
2.619373973848848625e-02
2.331479726531615615e-02
1.985329358971161390e-02
1.932865407679141417e-02
1.438011837492566072e-02
1.768901418334263217e-02
1.050165166684886679e-02
1.162651800050825378e-02
1.448615897125607281e-02
1.617524352794804179e-02
6.223582578687103517e-03
8.427618678085167445e-03
9.591603276238756456e-03
8.552738621254532894e-03
7.056486646434640027e-03
3.363255516841455375e-03
3.768987828103636129e-03
3.206143456686231206e-03
9.064923673634203011e-03
-1.006659313445617361e-03
4.422669375612330034e-03
8.370388060308899458e-04
-4.454500741961020527e-03
7.748107389874902932e-03
-3.437025401150729299e-04
2.480193648736465483e-03
-3.539777730169704675e-03
-6.583640692130520410e-03
-6.819919896547377812e-03
9.407060225831235731e-03
-1.006278068410636738e-02
-5.690092958448817601e-03
-4.073219079326691368e-03
-6.172586158052000178e-03
1.726053498013242369e-03
-7.019138250578785439e-03
-5.525736478121157091e-03
-7.298501272585786182e-03
-8.829600454627231643e-03
-5.807805159722720378e-03
-7.260919664733920913e-03
-1.482159352985799351e-02
-6.039753039922519419e-03
-2.287986362589185772e-03
-1.070089984248813811e-02
-7.620971835887390376e-03
-1.637508634955285938e-02
-1.560444036705286273e-02
-2.671089103707086423e-02
-9.207259139014056099e-03
-1.834126560807051651e-02
-1.211696250080585881e-02
-2.167000137445346600e-02
-1.394656115318004992e-02
-2.059959042394939044e-02
-1.988249260503018381e-02
-1.292103248994307639e-02
-2.009404081856968477e-02
-1.717510557443300764e-02
-1.582443353124416557e-02
-2.150704612254239131e-02
-1.487157571438772925e-02
-1.508958888494531594e-02
-2.060763621503001672e-02
-2.393733813154762247e-02
-1.067624239287805719e-02
-2.887388393142980084e-02
-1.226493772885004288e-02
-2.121933523824779191e-02
-1.849318675542235488e-02
-2.078673134780297319e-02
-1.491603913643544874e-02
-2.398647059413204843e-02
-2.241656165180663796e-02
-2.257779165493930748e-02
-1.644431378833906970e-02
-2.207177315655885208e-02
-2.487968517337533353e-02
-1.982641613908249154e-02
-2.138608301120992899e-02
-2.568695736332415186e-02
-2.519973036860662791e-02
-1.809033606443189238e-02
-3.547019149041941849e-02
-1.670245949475921560e-02
-2.675679117836404775e-02
-2.178038598335905671e-02
-2.769187476459696734e-02
-2.291953288296812510e-02
-2.988915716220080440e-02
-2.679840881963663907e-02
-2.676862350634705637e-02
-2.334033090333420893e-02
-2.426508018501736044e-02
-2.421632164582841751e-02
-2.965309726730766537e-02
-2.450836864703022366e-02
-2.699681855785817167e-02
-2.766678815929878368e-02
-2.514141435229569344e-02
-2.321839375148656778e-02
-2.805103507148751230e-02
-3.213531333901597370e-02
-2.198834958041027271e-02
-3.160916364033042325e-02
-2.728956880354502235e-02
-2.983074633040518758e-02
-3.018950677983279693e-02
-3.046597241355878186e-02
-2.784043224896744495e-01
-2.298441904866846408e-01
-1.059135302347232882e-01
-1.487600968406503459e-02
5.118398376477655692e-02
8.738325245064310076e-02
1.167498011544173681e-01
1.373472656389460866e-01
1.538437245344664306e-01
1.682933684000954555e-01
