9.146501807286772090e-02
-6.254789959067134919e-02
-5.281607310309034686e-02
-4.266763256229037099e-02
-3.457002530596135076e-02
-2.356125108244270724e-02
-1.743517540671142563e-02
-1.039214434298716717e-02
-8.298277046686453051e-03
-1.077473803460370257e-02
-4.603843247237679806e-03
-1.672768818358469356e-03
-1.976127990041407195e-03
-8.685721054200050461e-04
2.387150840609545722e-03
9.311043664791261070e-04
-2.308880959608899854e-03
-2.338848410894295727e-03
-1.356078533769195654e-03
3.383459594399126392e-03
8.928869727531962060e-04
7.371729704729879096e-03
2.098634464793333858e-03
1.814639962152780461e-03
5.141685077852233346e-04
6.257000022364029196e-06
-5.611715755023253312e-04
2.428667949955346829e-03
2.302732812801058706e-03
3.595938828424656911e-03
4.334750525833953698e-03
3.231491513878814031e-03
-2.278371746589631652e-03
-2.580162724701060440e-03
-2.090488465203282301e-03
-2.829409540812983983e-03
-1.642178272364929652e-03
-1.163245792132535815e-03
-3.112844582356327034e-04
1.667387889930264022e-03
2.718383391971584961e-03
-2.655083597739773399e-03
-5.219280827008434577e-03
-6.909990388238593587e-03
-7.717461098196781548e-03
-6.189989714126436712e-03
-6.750647743346013460e-03
-5.912594578699357714e-03
-6.637729576702062172e-03
-6.691956126785002408e-03
-6.837330472594273581e-03
-6.816413011890721380e-03
-6.157340384149948692e-03
-6.055681017909759004e-03
-5.541666881134794248e-03
-3.682194022469959666e-03
-5.215676536221432527e-03
-9.067449771658400368e-03
-1.058508942661270068e-02
-1.240435886566086665e-02
-1.357011956091574295e-02
-1.364905433099561881e-02
-1.220541909639602345e-02
-1.242967577519467175e-02
-1.266914133535091899e-02
-1.272886653166699009e-02
-1.260531325246641923e-02
-1.185769481564988986e-02
-1.093653079132731777e-02
-1.006331676102749720e-02
-9.228425572289514558e-03
-9.773026779273923798e-03
-1.099271923096657548e-02
-8.905175912133713595e-03
-7.351586969380765994e-03
-1.289076124966506177e-02
-1.609977442633811484e-02
-1.652589680104987746e-02
-1.702291752393099433e-02
-1.689912950851624185e-02
-1.681408713646522987e-02
-1.804102535823119691e-02
-1.926662445009857602e-02
-1.667356157377399700e-02
-1.694904938821612667e-02
-1.634945998937583841e-02
-1.600316773064699646e-02
-1.588865823907657099e-02
-1.579309363492039167e-02
-1.550994738272840415e-02
-1.440323790535601341e-02
-1.397076339702373916e-02
-1.418308869900468394e-02
-1.419285668289850012e-02
-1.232858362451335656e-02
-1.262719254541064609e-02
-1.227747625265707306e-02
-1.195694837302446051e-02
-1.186438083129650808e-02
-1.241510044449902622e-02
-1.150562826751368867e-02
-1.022256365880432234e-02
-1.147046384270772150e-02
-1.039717489641127889e-02
-9.797539119288508833e-03
-8.370138967822337087e-03
-1.030799095534811610e-02
-1.095105901277647342e-02
-1.594012053091454009e-02
-1.695367889573251574e-02
-1.681675949502016432e-02
-1.914765605674404250e-02
-1.820581163409222547e-02
-1.854548137847888620e-02
-1.807035919516693581e-02
-1.782282337746011677e-02
-1.798683567745982398e-02
-1.916247875802984044e-02
-1.912366676898307610e-02
-1.851741447120199002e-02
3.458402072611278105e-02
2.420649359566420106e-02
1.164800269482082866e-02
9.358952655265899076e-03
8.119750631995372933e-03
8.835699816961134836e-03
1.107563695460471800e-02
1.153254951291192258e-02
1.276033787399098729e-02
1.270143446474666232e-02
1.078954206846099301e-02
9.558005286379039900e-03
9.062252618066198723e-03
9.663204665732940887e-03
7.882162525915035328e-03
8.149172776753416461e-03
6.733164198842206405e-03
6.691236434357285094e-03
6.206994752864048413e-03
6.549286728469589855e-03
7.641275374870456182e-03
5.634584561421542709e-03
6.769228437316057029e-03
6.607130671218967681e-03
7.369971364837943177e-03
6.217909079590942974e-03
8.441356597141876431e-03
8.104943412609963427e-03
8.020605875322843817e-03
8.325706592082749574e-03
7.742325787803555452e-03
7.940361065553161804e-03
8.020797334525851113e-03
6.645166879997283470e-03
7.810475860057904118e-03
6.411395516382660878e-03
7.308398072647661996e-03
7.067430621484598573e-03
7.162484609690044322e-03
8.116809213679960014e-03
5.592422618319878476e-03
5.579743610100051064e-03
5.362670834670335389e-03
5.112598222295754169e-03
6.196981386679787859e-03
5.926796159103965914e-03
5.874664487167254381e-03
5.932096274837526419e-03
4.897903758268655657e-03
4.222372999866181448e-03
4.546830661643666040e-03
4.019561202260329633e-03
4.124163863762392475e-03
3.713115307780735699e-03
3.908292562450991006e-03
4.779142147765068523e-03
4.530251737359380047e-03
3.753204158843758027e-03
4.923241268888785445e-03
4.740957412463412887e-03
5.222295240294329635e-03
4.169154525764871312e-03
4.388478184240045439e-03
3.183447223538830514e-03
3.089299003477151504e-03
3.337830794370809113e-03
2.228344055996785925e-03
4.119028272909691646e-03
-2.741192820873190970e-03
4.908470071662745030e-03
1.561686907618656944e-03
4.688442952226296533e-04
5.523899203704488257e-04
-6.226953061271282451e-04
-1.145174382389853177e-03
-1.438587936208011791e-03
-2.473887195389613044e-03
-3.309652528975457462e-04
-8.742561423148120748e-04
-1.092580483472851711e-03
-6.212590603441566287e-04
-3.596757793097956246e-04
-8.063002457952334794e-04
-7.816811610354992791e-04
-1.224378114478429265e-03
-9.866611482175460975e-04
-1.045166760760300175e-03
-9.618498588608896064e-04
-1.939794395577875146e-04
-6.177142362243735058e-04
-2.567230825409893310e-04
-2.425359124267955442e-04
-4.946732174924570397e-04
5.303033066901788762e-04
6.033237420240992934e-04
4.558542800267338462e-04
-9.681110270513122956e-05
6.340467744669561496e-04
5.594612043567521445e-04
-3.025280665796787152e-04
1.263142565797519597e-03
1.256094539948507968e-04
-1.239546427768812675e-04
-4.335428269888629460e-04
-3.339374697715235185e-04
-9.644677820176825915e-04
-8.562579804804436052e-04
-9.462076095859273247e-04
-7.556684739164826929e-04
-1.144716317552005574e-03
-3.942258295473671597e-04
-8.396173255761585569e-04
-1.339406423725712303e-03
-5.977858488562849421e-04
-7.843208627015547506e-04
-1.048792765836377601e-03
-8.960091832687885113e-04
-5.068943040132527526e-04
3.095695778166850792e-02
2.218715571127084785e-02
1.913920588864244376e-02
1.436925864293795048e-02
1.460077568613435579e-02
1.308745828016010491e-02
1.339644269026208853e-02
1.437254669144857888e-02
1.523767457632515393e-02
1.408349442956734372e-02
1.309977896004449645e-02
1.246204239786893007e-02
1.321686107932934853e-02
1.240196350058037772e-02
1.406176921263715442e-02
1.301940492295710489e-02
1.431552027329419108e-02
1.449562470955426813e-02
1.398486074031494650e-02
1.426968449710502330e-02
1.467572664188581885e-02
1.450510705321910072e-02
1.523777373302518008e-02
1.400131802844209288e-02
1.368458798942675733e-02
1.381462144286849970e-02
1.400488633568253496e-02
1.433885079719171562e-02
1.353018211803419697e-02
1.301023407810843538e-02
1.357158564040759907e-02
1.307802542061820006e-02
1.029137700204101058e-02
9.475108945511921676e-03
8.702319542061326407e-03
7.443901270110437653e-03
8.878437292822994459e-03
8.340248432891956415e-03
8.062400822982906598e-03
8.257925768655324447e-03
7.193897787048962773e-03
8.089425946844246151e-03
7.468527753286938013e-03
8.058331091815916156e-03
7.168017018839034984e-03
7.387669786402880669e-03
8.150806436601550076e-03
7.865063018978997456e-03
6.752977084303869726e-03
7.187820316396947851e-03
7.197869771613398145e-03
7.215927842819986997e-03
7.835077771591968457e-03
7.564775786249749480e-03
8.422946043644319661e-03
7.332272041016024700e-03
7.817035669353104149e-03
7.540477590294958170e-03
8.580905351946549811e-03
6.534982992399258200e-03
6.526275745935485907e-03
5.840778586900633590e-03
5.826808303760844764e-03
4.586133106067346796e-03
5.377889171280034707e-03
5.535867860780903024e-03
4.524709917922911315e-03
4.964674319047337678e-03
5.382641467437354957e-03
5.014568412629170045e-03
5.634628797613725100e-03
5.100409813235243228e-03
5.242895925649177120e-03
5.637113640808428042e-03
5.102317991513533046e-03
5.217533528486193069e-03
9.631793334423355800e-04
1.233309033999449014e-03
1.233196482539893448e-03
1.124790223920735981e-03
7.297437560802471669e-03
5.407498435495402926e-03
5.823706739190638929e-03
4.865450901545678719e-03
4.746585334313468615e-03
4.734593967891099348e-03
4.783143288942959953e-03
4.682128668368273731e-03
4.718409563221263696e-03
5.198456156276924298e-03
4.740433486671882975e-03
4.097960951053198318e-03
4.588303230175830826e-03
4.493257173969552806e-03
5.414236747462706535e-03
4.474040578665003376e-03
4.585454517240987113e-03
4.778344621459575114e-03
4.680370871464871289e-03
5.333990535170867082e-03
5.595636473165425430e-03
4.493307102336464159e-03
5.561740345811595418e-03
5.404683457777828201e-03
5.651798106173525245e-03
5.141950619367297200e-03
5.596859430077126725e-03
5.052293173359389579e-03
5.732376815273252518e-03
5.713881355925517873e-03
5.557501612604469170e-03
6.148010671982696677e-03
6.819060928085765409e-03
5.568138920776819628e-03
6.807968878486116496e-03
6.895801461648977740e-03
6.780781303522919086e-03
6.270714371419023291e-03
6.319446400773483241e-03
6.966589968581271206e-03
2.017287642300850947e-02
3.010413599918981137e-02
3.838514574243614280e-02
4.242379187063887586e-02
3.311787507150069226e-02
3.341432411357393023e-02
2.628488033854523703e-02
2.051269818533499323e-02
1.361811907971310041e-02
1.004262074150099639e-02
8.435292668540133459e-03
7.719050160710118694e-03
7.414680592949788977e-03
7.737920417923018802e-03
5.966362896549953429e-03
4.322380895340171593e-03
2.153590509896275741e-03
1.424684605934520504e-03
4.591573389970747369e-04
-4.882854709243080989e-04
3.559768053520690043e-06
-5.749167104526185790e-04
4.211368051410032672e-05
-7.107145189357176249e-03
-4.077303846556104734e-03
-4.286492297046219473e-03
-4.647873059722058310e-03
2.232300857667690770e-03
-1.158526479821497422e-03
-1.389299988410536016e-03
-8.903182715837771374e-04
-2.693204199153356607e-04
-9.880184339700827552e-04
-3.172447203015724571e-04
-1.046993014269018227e-03
-1.293164343587810405e-03
-7.581699733660104577e-04
-5.834816064380530468e-04
-8.005400152923875575e-04
-7.741970721338205241e-04
-6.951900840284141537e-04
-4.404301903732404022e-04
-9.110393725526960392e-04
-1.402441169608757959e-03
-9.668355717739457716e-04
-1.971177735253895700e-03
-1.597829712796706254e-03
-1.496397500812790765e-03
-2.305066259264285967e-03
-1.586350952698609065e-03
-1.720774284057026383e-03
-1.847430198674828708e-03
-1.817793233118938272e-03
-2.688166006811806841e-03
-2.520480667284560362e-03
-2.646519123097024716e-03
-2.904034780292361322e-03
-3.005864267394456422e-03
-2.924004374109841209e-03
-3.783316861841643734e-03
-3.727003201895819073e-03
-4.034375389790810507e-03
-4.420533495924404768e-03
-4.531400801408388100e-03
-5.690209712162066190e-03
-5.064901466710031858e-03
-5.718495658757186476e-03
-5.744274822005923133e-03
-5.443893370735388565e-03
-7.218449432197762868e-03
-6.971721037254135708e-03
-7.469922980429145355e-03
-7.179390055112896789e-03
-7.408840372890872564e-03
-7.903001442262731421e-03
-7.795439766462528355e-03
-8.580793067799115034e-03
-9.210095134552467866e-03
-9.217309641872917583e-03
-8.993616783269851173e-03
-9.426389661028884703e-03
-9.097914054274481091e-03
-9.821562465473113873e-03
-9.876567588669272341e-03
-1.065495095790252797e-02
-1.074467753866029975e-02
-1.102337673154019267e-02
-1.142117055358178590e-02
-1.096997939995255321e-02
-1.061307444719569379e-02
-1.208153835963006809e-02
-1.114214894405212743e-02
-1.216033011312269915e-02
-1.210269478919419155e-02
-1.193274113892749816e-02
-1.247935399161760779e-02
-1.245575059930504463e-02
-1.337445525175956149e-02
-1.283410351528892213e-02
-1.309816795017903178e-02
-1.356922259565568854e-02
-1.310901513120143504e-02
-1.342961358809219991e-02
-1.413872524320364948e-02
-1.428404058845804403e-02
-1.456701002330525012e-02
-1.314144701261331545e-02
-1.525026904311478811e-02
-1.475728492212280418e-02
-1.484975618865766109e-02
-1.551069023095921762e-02
-1.390279294373702318e-02
-1.651182114276893848e-02
-1.540890036491174113e-02
-1.614973475259016272e-02
-1.630581478959265349e-02
-1.655450502291036519e-02
-1.624282359804477688e-02
-1.739543317881281012e-02
-1.703075309385162356e-02
