2.505620577273960592e+01
3.640477112974976137e+01
4.346651667312017508e+01
4.860402277455172282e+01
5.264256983382691146e+01
5.597198829992659341e+01
5.879946958776423571e+01
6.126140711032635267e+01
6.343592626970664128e+01
6.538529696825254689e+01
6.716153870576903273e+01
6.877745843962748040e+01
7.026548147955105605e+01
7.164841408631986042e+01
7.293816976572701094e+01
7.413934725424476824e+01
7.527081645291349332e+01
7.634300668867851414e+01
7.735608662440549210e+01
7.832093213037188661e+01
7.922723786123195566e+01
8.010936309335139072e+01
8.092980639093973139e+01
8.173325778238663020e+01
8.249814614993580619e+01
8.323520079939461880e+01
8.394371672237771520e+01
8.463119308464312951e+01
8.528652087062627629e+01
8.592525486112998578e+01
8.654081374898468937e+01
8.713522977358168475e+01
8.770828159782890054e+01
8.827592455576748876e+01
8.882223915463775654e+01
8.935048355921090035e+01
8.986853708945062635e+01
9.036936579062266617e+01
9.085867829878287694e+01
9.133680036457019469e+01
9.180027180527174835e+01
9.224515937983402125e+01
9.269159826864347451e+01
9.312565511802975493e+01
9.355006590369558239e+01
9.396745951195752866e+01
9.436942548988002955e+01
9.476801248477964634e+01
9.515409241486607073e+01
9.553563261177335164e+01
9.590857685919161213e+01
9.627467807363477448e+01
9.663458159837263395e+01
9.698595572166756540e+01
9.733237068400897840e+01
9.767411574078775516e+01
9.800241115859523688e+01
9.832664978332651629e+01
9.865223560823260129e+01
9.896860848279281697e+01
9.928118844795490361e+01
9.958947787842031119e+01
9.989369037761966297e+01
1.001878835624368804e+02
1.004801382009462429e+02
1.007683062879904128e+02
1.010521741318940343e+02
1.013326001160047980e+02
1.016082210528780649e+02
1.018795020447750090e+02
1.021469541812621173e+02
1.024084120730207843e+02
1.026674018660034307e+02
1.029296574082333109e+02
1.031820006911109573e+02
1.034203036000026970e+02
1.036702018299252899e+02
1.039182305342782371e+02
1.041584928469123241e+02
1.043968676097180577e+02
1.046311757673303191e+02
1.048603842879423382e+02
1.050890235643201152e+02
1.053218626688178432e+02
1.055400354813769184e+02
1.057621945904909069e+02
1.059799028243222665e+02
1.061951301326784716e+02
1.064083072051166141e+02
1.066194851064084190e+02
1.068295131052043132e+02
1.070345484051209723e+02
1.072373804910427566e+02
1.074395617863435177e+02
1.076427421769511739e+02
1.078364346000128506e+02
1.080331190029389035e+02
1.082266591593720051e+02
1.084178547622986741e+02
1.086063705467497016e+02
1.087968339649795553e+02
1.089835423069337992e+02
1.091630695454657456e+02
1.093496079776523970e+02
1.095294232377918746e+02
1.097098918910657375e+02
1.098810105625066313e+02
1.100588045163010804e+02
1.102252851442418660e+02
1.104043791100329344e+02
1.105774589033712800e+02
1.107422707428506499e+02
1.109160777551915658e+02
1.110800605921555047e+02
1.112464519657469282e+02
1.114094964698195867e+02
1.115707578955536690e+02
1.117295168212229584e+02
1.118910939926018386e+02
1.120502232649560739e+02
1.238723070234087800e+02
1.301152953670425347e+02
1.368869612619185148e+02
1.391905087288554341e+02
1.410750580785431794e+02
1.427008690165939697e+02
1.441296307976321032e+02
1.453766892512580853e+02
1.465275227824617730e+02
1.475631058642292146e+02
1.485118505158851008e+02
1.494179768972818465e+02
1.502694800255247287e+02
1.510759759905579358e+02
1.518025347464192123e+02
1.525355507030051001e+02
1.531977668729366826e+02
1.538603228522215431e+02
1.544779590556432822e+02
1.550839102393101996e+02
1.556677900776329864e+02
1.561871387100951836e+02
1.567555192923018978e+02
1.572605610569276280e+02
1.577721291434222053e+02
1.582371642780364880e+02
1.587486366672507643e+02
1.591805972109047218e+02
1.596292056872526643e+02
1.600702942655039180e+02
1.604856762085640867e+02
1.609098368681064812e+02
1.613151407098880270e+02
1.616946549481767192e+02
1.621127549510310644e+02
1.624641260644094984e+02
1.628627298396235403e+02
1.632160428626309852e+02
1.635777208552665911e+02
1.639405704655822547e+02
1.642441645805671442e+02
1.646107794658425689e+02
1.649437910669392409e+02
1.652712173376211240e+02
1.656107258761394689e+02
1.659121035759794722e+02
1.662260087960130761e+02
1.665351165718720381e+02
1.668244073701850709e+02
1.671263527262991886e+02
1.674336365925256871e+02
1.677137969893900049e+02
1.680072435500259189e+02
1.682833739943882279e+02
1.685692230117900579e+02
1.688535568451716244e+02
1.691109300426489597e+02
1.693709166996053455e+02
1.696604773279251788e+02
1.699059057630591099e+02
1.701716698277208479e+02
1.704073950644153115e+02
1.706747497971392988e+02
1.709066658214940730e+02
1.711663856031931061e+02
1.714158436713844367e+02
1.716395616126412449e+02
1.719172069862808598e+02
1.720451647050450958e+02
1.724668735254752789e+02
1.725580013819254930e+02
1.728052307792591193e+02
1.730489076982821075e+02
1.732577759736857104e+02
1.734874388528609472e+02
1.737111711854365126e+02
1.739194458625906918e+02
1.741786638289776192e+02
1.743586025377249484e+02
1.745723670182668741e+02
1.747921013181889123e+02
1.749981947408501242e+02
1.751946864917252356e+02
1.754049619849268993e+02
1.756018134150965011e+02
1.760098264277272335e+02
1.762054832022961648e+02
1.764034130444088930e+02
1.766077050896570029e+02
1.767847800270116068e+02
1.769858719738232935e+02
1.771716890783161489e+02
1.773560732797962487e+02
1.775607311354131355e+02
1.777341865983909770e+02
1.779142660253508552e+02
1.780910371410122934e+02
1.782899825584746623e+02
1.784600156290851487e+02
1.786269739734596271e+02
1.788379228115364299e+02
1.789784185579125335e+02
1.791628491798967389e+02
1.793364062648654738e+02
1.795146233157801419e+02
1.796760309612826916e+02
1.798557550951221060e+02
1.800226198986609631e+02
1.801942399187077228e+02
1.803529504338006859e+02
1.805342106824220139e+02
1.806827681367763603e+02
1.808441213509508998e+02
1.810241116204884690e+02
1.811734103765003283e+02
1.813316010605357178e+02
1.814966614824926125e+02
1.816587914939028394e+02
1.900937100208738286e+02
1.976335694401519163e+02
2.025313432369572411e+02
2.058362968610691155e+02
2.085334136366948883e+02
2.105666216121798016e+02
2.123720606896654033e+02
2.139246375380258200e+02
2.152699914318661456e+02
2.163961591289655360e+02
2.174860097215061785e+02
2.185088290176375381e+02
2.195075258985366133e+02
2.203282496430997810e+02
2.212471855573978132e+02
2.219247746265369017e+02
2.227432926689625106e+02
2.234104713961072832e+02
2.240412123217999181e+02
2.247083449350990634e+02
2.253330770247556245e+02
2.258995275459060394e+02
2.265046032039511203e+02
2.269721689850349549e+02
2.275282062293534580e+02
2.280683860811454338e+02
2.285759167726588998e+02
2.290695931800864571e+02
2.294906086817419464e+02
2.299530192326603810e+02
2.304520009407608825e+02
2.308503935760038814e+02
2.311644062669412847e+02
2.316483517186689483e+02
2.320719106555085602e+02
2.324517626044379028e+02
2.329676058332904631e+02
2.332822692438277841e+02
2.336567980038295786e+02
2.340485860168347472e+02
2.343555380070218916e+02
2.347948844261374859e+02
2.350888215999154340e+02
2.354803797846360851e+02
2.357571139043967321e+02
2.361315186897823537e+02
2.364953027455269705e+02
2.367745342441483274e+02
2.370438141158122676e+02
2.374230755390178444e+02
2.377254383695431841e+02
2.380297098900570063e+02
2.383606856746249036e+02
2.386200545022938400e+02
2.389618409056541566e+02
2.391650588235206101e+02
2.395110644793801953e+02
2.397683771616441959e+02
2.401084990676267807e+02
2.402441280371022003e+02
2.405879223779484448e+02
2.408387674850421263e+02
2.411350683014163394e+02
2.413439123858651385e+02
2.416954484855086775e+02
2.419406880247129550e+02
2.421346642227028951e+02
2.424479186227582943e+02
2.427100769753710097e+02
2.429205035082898689e+02
2.432086018163785184e+02
2.434018996681392935e+02
2.436667363716461523e+02
2.439234162999712794e+02
2.441161954827321097e+02
2.443744941233788381e+02
2.443950297312081830e+02
2.448052185850570197e+02
2.450573916956740845e+02
2.452830920520351583e+02
2.458494336176674722e+02
2.457105130270023210e+02
2.459736242217933011e+02
2.461307085324101820e+02
2.463777382743171245e+02
2.466048820476882497e+02
2.468241451789199061e+02
2.470295338373596508e+02
2.472456073637923453e+02
2.474787742913427167e+02
2.476422127499159274e+02
2.478290790097715046e+02
2.480881847912723401e+02
2.482718191046223524e+02
2.485225238331745459e+02
2.486352293320668707e+02
2.488699227601014456e+02
2.490788746340127204e+02
2.492617324938069885e+02
2.494929824306204580e+02
2.496730656631506520e+02
2.497906454151853097e+02
2.500794741899466658e+02
2.502245747004426732e+02
2.504244843176668383e+02
2.505738471538033139e+02
2.508023327856359685e+02
2.509429842390100021e+02
2.511817315108808657e+02
2.513384287751835870e+02
2.515066636301392009e+02
2.517235123247339459e+02
2.519145057787939663e+02
2.519930829181899412e+02
2.522807960528500928e+02
2.524182855721841747e+02
2.525739236596102444e+02
2.527225251782031137e+02
2.529193331625195924e+02
2.531280793718776465e+02
2.591357446168106549e+02
2.682900762657969267e+02
2.744435429873441308e+02
2.783770428321395229e+02
2.802470983862068010e+02
2.830739057438007649e+02
2.845069203101251674e+02
2.861099297556693273e+02
2.874279903212996032e+02
2.889827285964832413e+02
2.904405680046410794e+02
2.917119107253729453e+02
2.928240465327764355e+02
2.938646007352969605e+02
2.945465084309101371e+02
2.953076888307278978e+02
2.960015161654634994e+02
2.968645366388893763e+02
2.975868364698656023e+02
2.982668294923763597e+02
2.990780346446433668e+02
2.996378241118050028e+02
3.003498083032027353e+02
3.000905364590433919e+02
3.014855691911661211e+02
3.019696371956717371e+02
3.024529726583456295e+02
3.038318935236744096e+02
3.034218799972387615e+02
3.039237313277192243e+02
3.044875875650958506e+02
3.049973658528728038e+02
3.053045651345787519e+02
3.058530789334094493e+02
3.061564204078679836e+02
3.065841629355980444e+02
3.070919554432620657e+02
3.074890610426911053e+02
3.078342489276134870e+02
3.082315831194800353e+02
3.086223395522113151e+02
3.090216775536734417e+02
3.093110884599877863e+02
3.096393591482377019e+02
3.100949190533625028e+02
3.103089378310114057e+02
3.107682805278136016e+02
3.111199931142123773e+02
3.113481737120864068e+02
3.118240117270826772e+02
3.121020969901704802e+02
3.124056741099152532e+02
3.127351668546135670e+02
3.129422617596647456e+02
3.133376429202742770e+02
3.136407112711978584e+02
3.139252350256287514e+02
3.142359516305573379e+02
3.145585521175713666e+02
3.147439716324910819e+02
3.151041126189950887e+02
3.153721764045103555e+02
3.156375881715482592e+02
3.159444420960649040e+02
3.161006973081757678e+02
3.165501030481052567e+02
3.167294569747426181e+02
3.170402618861710948e+02
3.173639277459935215e+02
3.173888862592544342e+02
3.178091775408315698e+02
3.180361644468618465e+02
3.183795896280792022e+02
3.186016523434079772e+02
3.188067195695741702e+02
3.191139816196001675e+02
3.192702070897929616e+02
3.194988514898731182e+02
3.198143681232775180e+02
3.201136926990083111e+02
3.202914966343089418e+02
3.206020099385613094e+02
3.207310345229211634e+02
3.210079477257805252e+02
3.211637225433712501e+02
3.214517703125131334e+02
3.216784726112598491e+02
3.218887899526458796e+02
3.222170992219104733e+02
3.224693668834294158e+02
3.224659612256177184e+02
3.229085053572955530e+02
3.229608738691611620e+02
3.232512306573358956e+02
3.235105611315081546e+02
3.236484463649600798e+02
3.239049346242087495e+02
3.240106309118692707e+02
3.243688932623252867e+02
3.245309628138555240e+02
3.246923315162499648e+02
3.250021101485654640e+02
3.251452749255709023e+02
3.252729691087421315e+02
3.255186195717613487e+02
3.257185067948329333e+02
3.261445936649585065e+02
3.259665875302875406e+02
3.263555211598590517e+02
3.265506082518526796e+02
3.266698265896582143e+02
3.271355888880318048e+02
3.268783074307525567e+02
3.273802131534685032e+02
3.274495021213444943e+02
3.276679723879011021e+02
3.278554829795056094e+02
3.281171842167885302e+02
3.281381125794680429e+02
3.284400059533747935e+02
