-6.163396368341184095e-01
-3.358730762063361075e-01
-1.602559948308001081e-01
-1.977231911908862161e-01
2.756795826317504430e-02
1.526290425609252988e-01
1.289123961840724641e-01
1.845642245200032061e-01
1.055654552286642844e-01
8.121636487242404889e-02
7.435662869500593575e-02
7.246292952978829194e-02
1.003990555228713305e-01
1.177287101936702746e-01
7.578661487204924052e-02
7.888701383489178653e-02
9.321181478522778951e-02
1.022800892170388914e-01
1.074581399669394810e-01
9.459986169970505121e-02
1.210907032989467502e-01
1.046207669457241973e-01
1.200666773829014156e-01
1.147454734453152853e-01
1.461710057621723735e-01
1.137655055563149276e-01
8.284258108414939425e-02
9.740875336217781622e-02
8.739868469006080443e-02
1.154922929541165322e-01
9.412792757942078925e-02
9.553103689936399967e-02
1.098294584006674623e-01
9.366275316729562317e-02
1.129732913574019310e-01
7.186297596882705585e-02
6.756803110726386508e-02
6.952825225459940972e-02
8.509167060511245440e-02
7.926167784909766978e-02
7.219028486133705069e-02
8.476038580362460495e-02
7.965519963495422406e-02
7.332914566274430224e-02
8.674399022132266157e-02
7.197709120290049500e-02
3.349188961475101783e-02
6.178274843744352429e-02
5.519180982123121637e-02
4.756812788930032954e-02
4.819194859760451283e-02
4.994499865969749541e-02
4.796550422214701515e-02
5.073928937303949505e-02
5.970195320286527524e-02
5.075577459774896494e-02
5.942811102388245725e-02
4.106026272175408720e-02
5.661142819807671311e-02
6.757988625601708821e-02
5.032120058539078788e-02
4.871033880755257922e-02
4.702037398984626471e-02
4.999748910367320803e-02
5.405933247294716221e-02
4.482795672574361318e-02
6.227297818715932937e-02
3.629220240943954734e-02
7.061612527783540927e-02
4.983161872654626179e-02
3.972208334591123546e-02
2.410756982448660629e-02
2.209239442913059348e-02
2.536699141621003711e-02
4.013920313903342196e-02
1.886942515463287812e-02
4.129913003150530865e-02
2.476844633863941117e-02
2.680723637292811018e-02
2.986674578932045285e-02
2.941728582066162681e-02
2.892107948940366227e-02
2.838860604248268776e-02
2.784098043057216948e-02
3.169436716057191100e-02
1.094411266910096624e-02
-8.779096388533129836e-04
-3.147602762915606769e-03
1.608248481578244266e-02
7.754646024621891787e-03
1.034389220360183020e-02
-2.547007050902591174e-03
1.042361267360769617e-02
2.155030559684337991e-03
1.316044554213987271e-02
1.424260891320827584e-03
8.004800024455499541e-03
3.793139788021988434e-03
-1.147684532115379264e-03
1.144128010457491325e-03
4.338627641756361009e-03
4.245373491501028447e-03
4.122635663260170238e-03
8.175117524794103113e-03
4.657402323790323269e-03
-7.467739926544762936e-03
5.885108937607064911e-03
2.314473536871840872e-03
-1.707152382751274400e-02
-1.777321045080783660e-02
-2.124744357023199137e-02
-1.345903508047752335e-02
-1.454538727429315059e-02
-1.947900749374048210e-02
-1.756386782978994546e-02
-1.477725435805439178e-02
-1.513336956012618917e-02
-1.340755643507852424e-01
-1.931317259459566227e-01
-1.959694314357562361e-01
-1.769781243837336981e-01
-1.452523943449680055e-01
-9.441187331721102860e-02
-7.622265058916517788e-02
-1.444435808378393693e-01
-6.118287082124854691e-03
9.366315888237256373e-03
-6.190923504746781436e-02
-9.874718630452300472e-02
-7.626585125670599929e-02
-5.909736668038077789e-02
-4.571876685015466985e-02
-4.020255505858362499e-02
-4.554510706857496649e-02
-2.100873728718920599e-02
-5.431045041528504563e-02
-5.157768691501462069e-03
-3.753714296898309072e-02
-1.797394910762891568e-02
-1.348676733245686085e-02
5.638048173967859754e-03
-1.354709640857266334e-02
-1.738492782575003573e-02
-5.217551954583379836e-02
-2.922801896614036013e-02
-2.511115173277598395e-02
-7.480878957615753021e-03
-2.719972635645949779e-02
-1.655261859127766730e-02
-1.118485871066262488e-02
-1.195756756581805788e-02
7.349796916380905640e-03
9.965331122377717784e-04
-1.871450910934642151e-02
2.005123643170158079e-02
-2.520855245113455892e-02
-3.342431083459913160e-02
-3.008764834127962071e-02
-3.235346975126641988e-02
-2.858460149882813620e-02
-2.429594011761455896e-02
-6.527011342750005558e-03
-3.200971054424388978e-02
-8.826087631623359339e-03
-2.445052218603183808e-03
-3.397160915063123648e-02
-4.546233675799744509e-03
-1.102781797187208507e-02
-2.412368591943512414e-02
3.488265712076983800e-04
-1.875180105147251572e-02
-1.970509344483273653e-02
5.436454296965067406e-03
-2.604383093274785510e-02
4.633642108195191837e-03
-2.676138495903555153e-02
-6.237621885380728592e-02
-5.560323699100445244e-02
-6.952605762599081696e-02
-4.008017665204363644e-02
-4.748228806492193338e-02
-5.517197110392667997e-02
-3.407752402110403311e-02
-3.482785729424867777e-02
-5.332596356542995686e-02
-3.768691504486033905e-02
-3.850733673240230165e-02
-4.529515824010707514e-02
-2.829287488520017962e-02
-3.451892574553499377e-02
-4.103065881089330846e-02
-2.968789404189867837e-02
-3.592799001380118928e-02
-3.643157143932915232e-02
-4.294983951447575027e-02
-4.386939839904936689e-02
-3.885640572248098140e-02
-3.333287132435414080e-02
-3.954233903654130050e-02
-2.157446444162418320e-02
-5.120782031095324344e-02
-3.486647017358805029e-02
-3.509504439932732700e-02
-3.530794656913188029e-02
-7.499174430141290759e-02
-7.269918743405588690e-02
-6.626134999783339641e-02
-5.108439177624174432e-02
-6.316629221537653494e-02
-5.322191721239850903e-02
-4.204620808773052582e-02
-5.952253979728443223e-02
-5.488748347229160246e-02
-4.975455568802352596e-02
-5.590719001360535539e-02
-6.787974124213594362e-02
-1.002182032640476922e-01
-8.381212584986176550e-02
-7.535263378022967473e-02
-7.133506295733460512e-02
-7.790273118505013084e-02
-6.835666731027725818e-02
-7.465437529378864123e-02
-5.878823070976418874e-02
-7.021124937546628642e-02
-5.369421681810834790e-02
-7.060397968479519004e-02
-7.688285678481750207e-02
-6.692730754711989638e-02
-6.732524590361711747e-02
-7.334752556292507830e-02
-6.855626100421900737e-02
-5.748220764526112275e-02
-6.868581690665977180e-02
-7.467669956986448809e-02
-5.258269447485208054e-02
-7.483411105917818495e-02
-7.565738971642804733e-02
-4.767227100179975002e-02
-6.995848821010311469e-02
-8.133190440490546680e-02
-6.603781079046527891e-02
-6.615493174969679091e-02
-4.870039358539369340e-02
-2.894260142569692884e-01
-2.895433368650512929e-01
-2.730179826000299070e-01
-2.393192564349401197e-01
-1.956485189771436095e-01
-1.307519249715061171e-01
-1.007491369529324721e-01
-5.206419055808582386e-02
-1.017612782124939670e-02
1.212532927345094831e-02
-5.314037114404828246e-03
-1.517789491226279562e-02
5.962037481508563816e-03
-3.940015060523740370e-03
1.678536684728421102e-02
-2.345330670802234577e-02
-4.128145575639769610e-02
1.692088477141953998e-02
7.004533609578421013e-03
2.135083181243966483e-02
1.973181758089813040e-02
5.227017301819435885e-02
1.239705234960125592e-03
5.788746038593998999e-02
6.634322686714179407e-02
-2.463678360855208263e-02
3.606673513621808796e-02
2.642487958632674938e-02
2.489991099947317169e-02
4.025202231875909392e-02
-6.759455909846065480e-02
1.082370083000212639e-03
-1.666212896186452380e-02
4.201061887107041329e-03
2.269253719322568679e-03
2.485602559523803629e-02
3.209064038230095839e-02
1.443477972430718889e-02
1.294858595485998999e-02
4.512831154919266785e-02
2.753119609131245843e-02
3.495627225905043739e-02
5.143403533598691485e-02
5.115658280702568145e-02
6.864155269998389874e-02
1.720117238505032564e-02
7.641635018232338650e-02
2.456262046812356450e-02
7.559483666197842899e-02
3.219525982736308467e-02
-3.161398509252277139e-02
-1.200300662952065792e-02
9.389841208096360789e-03
1.600347290331612798e-02
2.301826360463074886e-02
1.382350819776368388e-02
4.611329811330740908e-02
2.886986860485495424e-02
3.653770961163670117e-02
6.209357390386463504e-02
3.629936709025122221e-02
3.577661083091633609e-02
5.238597688745704611e-02
4.371412616234050807e-02
2.655478472570134765e-02
3.408266565745350640e-02
2.515385293307104489e-02
4.964877625613450807e-02
5.828991220228321724e-02
4.977385058317448235e-02
-1.509370412071375962e-02
-3.200659422695079082e-02
1.135544469472046271e-02
1.023012734883715046e-02
-6.643611680813688199e-03
2.368133911487014034e-02
6.835899135565395163e-03
3.013807433639779584e-02
1.332726532245827322e-02
2.880876341140390165e-02
1.202247932099873712e-02
5.293620528400341113e-02
2.778278521352720021e-02
1.913553518339985646e-02
4.344798926920850901e-02
2.672384110181838870e-02
2.626994744184375785e-02
9.570231383952746557e-03
2.481679619026807421e-02
3.264088747781606487e-02
1.599819113807919579e-02
-8.348549892544607914e-03
-4.653014584551244670e-02
-2.001056286767170789e-02
-2.165436293989415548e-02
-8.113473758154873469e-03
1.438688766004563545e-02
5.884761712223682446e-03
1.314576136106697032e-02
4.651331026408046625e-03
1.190849586417203933e-02
-1.213327198090289986e-02
1.821957939154477540e-02
1.795372214050399567e-02
1.769099528410406769e-02
1.738580277188281342e-02
9.056204710691838702e-03
1.658903237471007555e-02
-1.509799734097736282e-02
6.978421125646294861e-03
-3.172073993313234697e-02
-1.005829985842927182e-01
-7.884484875147841632e-02
-8.819503479081181041e-02
-7.150675032083222971e-02
-7.394307772621908081e-02
-5.576591357532457299e-02
1.798242294209620017e-03
