1.019634964167805302e+00
2.632273703725424685e+00
4.194135023577775456e+00
5.256870653113189462e+00
7.203929582277310395e+00
8.450384562631167995e+00
8.845514056432566719e+00
9.770108039207308082e+00
9.903765904483897486e+00
1.047829484741528461e+01
1.112566122194543894e+01
1.174491690330604676e+01
1.252986990956005720e+01
1.313688907664824512e+01
1.321079948288869765e+01
1.374325118155383230e+01
1.432648617216967146e+01
1.479887077100030623e+01
1.519824608216189255e+01
1.539795517450209061e+01
1.602742659975866601e+01
1.612097907350560178e+01
1.660305077684964203e+01
1.680505555110175564e+01
1.743637858277831398e+01
1.724961033212926154e+01
1.719246491468601334e+01
1.772545592518123314e+01
1.788756700132249122e+01
1.852868394350162262e+01
1.844950241194319318e+01
1.872419202999289567e+01
1.914655585043663422e+01
1.911818734858711366e+01
1.960876411751959481e+01
1.922825711220238531e+01
1.946918480490161585e+01
1.977448646537024501e+01
2.023625434719945204e+01
2.032534664472803243e+01
2.041321639541802213e+01
2.080166889107832873e+01
2.087691471602123627e+01
2.095132052358802710e+01
2.133767487600055901e+01
2.124418471895719307e+01
2.086040336182108490e+01
2.160170457127268051e+01
2.166101967968262798e+01
2.172049755296361084e+01
2.192554460287090734e+01
2.213064618669922368e+01
2.225698480901113996e+01
2.246030884263706895e+01
2.274900332210906129e+01
2.270139988170268452e+01
2.298588201082966620e+01
2.277817992569680783e+01
2.321522176739694032e+01
2.350516257487143079e+01
2.326957210903317019e+01
2.337798720504200745e+01
2.348425865064639595e+01
2.367132189392635766e+01
2.385950785977111011e+01
2.379419095518194283e+01
2.424013456201017291e+01
2.383718703085884272e+01
2.462671894776837433e+01
2.426889454020444603e+01
2.420196443955111221e+01
2.407307193824661340e+01
2.423650899583597962e+01
2.447859643974909716e+01
2.490272156257785952e+01
2.458020450446701588e+01
2.516910590310461160e+01
2.491034808108015852e+01
2.507753857670584097e+01
2.524665804098483690e+01
2.532996526497749912e+01
2.541206645859180568e+01
2.549319821394588104e+01
2.557377310455189345e+01
2.574059907261385050e+01
2.540814936868265406e+01
2.533990430649476266e+01
2.548794077056461305e+01
2.604940827147069626e+01
2.595137516293933544e+01
2.611063041282426411e+01
2.593744844369058455e+01
2.634421912025200285e+01
2.624344380681676014e+01
2.657805559902675796e+01
2.638490554292276968e+01
2.662751527773401961e+01
2.660829760121594134e+01
2.659175598660381823e+01
2.674447413269983898e+01
2.689888007576831441e+01
2.696538417931595433e+01
2.703107172309217177e+01
2.718641997392007070e+01
2.716056124173285724e+01
2.696921559990973449e+01
2.737812054195725153e+01
2.734986436820329558e+01
2.700102558188870105e+01
2.713926997462052171e+01
2.720023824502388266e+01
2.750711006945279635e+01
2.756711719093505053e+01
2.754144233969147137e+01
2.768527616486692011e+01
2.783150808050204006e+01
2.788917747813982473e+01
2.642551991363936281e+01
2.713738452389416267e+01
2.717088641419048400e+01
2.905718236913257968e+01
3.105849363550378683e+01
3.356975339735524955e+01
3.490015121859193670e+01
3.302841333918754430e+01
3.866443364270199368e+01
3.935934115204067041e+01
3.677341127064580206e+01
3.559779178568159352e+01
3.671857097266824610e+01
3.761656278509072138e+01
3.834824940911844493e+01
3.876781206494241161e+01
3.877066404749525219e+01
3.994683780303454768e+01
3.884794317980852441e+01
4.102662707486750548e+01
3.993388326307388070e+01
4.094808035838718752e+01
4.133863346878953848e+01
4.230130970409700808e+01
4.172027953576006354e+01
4.180561372557222910e+01
4.069463554691392915e+01
4.196895791636519846e+01
4.241496681709776340e+01
4.338672280227531530e+01
4.279215130120445565e+01
4.348584028375934452e+01
4.392705461957763191e+01
4.409644244420510972e+01
4.509662269493580311e+01
4.497273219980529291e+01
4.431199722784342043e+01
4.615599238192713472e+01
4.435374195705903588e+01
4.424565944301485843e+01
4.464282504931856721e+01
4.478240080241761945e+01
4.517939362827326022e+01
4.558002491444623416e+01
4.654668326633392184e+01
4.557449289242855173e+01
4.680228061507887105e+01
4.721786687630552137e+01
4.594694752630299917e+01
4.746050803501813675e+01
4.728741808174214611e+01
4.684011132323895055e+01
4.810641494423181541e+01
4.734526484919440747e+01
4.745647834724733372e+01
4.874272479205980346e+01
4.739507390030332346e+01
4.895695270862077564e+01
4.760542184110435215e+01
4.616407563701340422e+01
4.675718762021929820e+01
4.636630745134789322e+01
4.800959323129465872e+01
4.783577287457880090e+01
4.766605440239100488e+01
4.886305267777109407e+01
4.895775853202075467e+01
4.821469561351523936e+01
4.914344311501247375e+01
4.923373179880223915e+01
4.903926388430606664e+01
5.000164854180856366e+01
4.979188650955869377e+01
4.958790186576541004e+01
5.026332176003573693e+01
5.005052145244100359e+01
5.013477367990884659e+01
4.992720136217673144e+01
5.001062146547007359e+01
5.038293576043680844e+01
5.076110226076603027e+01
5.054500644755653838e+01
5.153546347658972593e+01
5.012677819576765614e+01
5.107854355716236228e+01
5.115490902459790590e+01
5.123202629152005727e+01
4.935761726672903649e+01
4.969241849597882776e+01
5.037970078790989703e+01
5.130727860898151249e+01
5.080425776473318678e+01
5.145200163221507950e+01
5.212517799747399749e+01
5.130350628801363655e+01
5.166462297161300654e+01
5.203227621319427243e+01
5.180353371810975460e+01
5.129609719546703417e+01
4.978443193341203710e+01
5.088109827492486659e+01
5.149918744839731488e+01
5.185059518907291931e+01
5.163177615543398247e+01
5.227302608432136566e+01
5.204688821920684916e+01
5.300401136346037845e+01
5.246721677096692815e+01
5.344263803131299539e+01
5.259410256142830065e+01
5.236566618316765442e+01
5.301595872921861030e+01
5.307879073130384029e+01
5.284221835690303237e+01
5.320080631835252660e+01
5.387649422709721136e+01
5.332144361254243847e+01
5.308441901395923423e+01
5.437360554831597170e+01
5.320255260279534326e+01
5.326111110612286836e+01
5.487362847857266956e+01
5.367474173672088966e+01
5.314460023629989394e+01
5.409357698026973083e+01
5.415096735713715503e+01
5.616568006232476762e+01
4.465544656909231236e+01
4.648739609370867498e+01
4.906770215315219730e+01
5.257958418651818278e+01
5.663015689002914144e+01
6.201569551219812126e+01
6.487730780285058074e+01
6.897611312356853830e+01
7.250029290324950182e+01
7.455118823114361248e+01
7.372243328415801500e+01
7.346515865385092070e+01
7.545702129870083752e+01
7.514785513035712938e+01
7.713079596561786389e+01
7.454824646240669495e+01
7.369245696004014690e+01
7.851565814570233215e+01
7.811920243848059897e+01
7.955971635132760866e+01
7.976066949527037764e+01
8.254679637795274516e+01
7.891070488868291477e+01
8.359339965197946754e+01
8.445701743564799813e+01
7.767575149344236252e+01
8.277117461735278425e+01
8.228306307307160239e+01
8.244259012582877233e+01
8.391586153298706563e+01
7.572867386646016996e+01
8.162760575302728228e+01
8.054123233173467611e+01
8.254912316713412679e+01
8.268884713072768022e+01
8.478708714239272126e+01
8.559839823232285028e+01
8.438976416874641018e+01
8.452140244271603819e+01
8.737411686616687234e+01
8.611486181767051562e+01
8.692680527205544649e+01
8.845533692627580535e+01
8.857647679453947376e+01
9.014782291773362033e+01
8.604148696794806028e+01
9.112430599293563205e+01
8.694584909747223378e+01
9.135044157287569533e+01
8.785369963755327660e+01
8.277765592201144784e+01
8.474825789778397223e+01
8.681453150939427132e+01
8.759289029003871008e+01
8.838513603042166267e+01
8.779979230398797085e+01
9.071602655628427669e+01
8.938572431930776929e+01
9.019435989798785158e+01
9.249109126645066681e+01
9.038731580882689798e+01
9.048408785482865824e+01
9.203153253775980147e+01
9.139274396027525427e+01
9.005481619094972245e+01
9.085730536868780405e+01
9.023719960903594028e+01
9.248955000410299476e+01
9.332372963848828817e+01
9.266892313083030785e+01
8.721351159448855128e+01
8.602634836577550459e+01
9.006533879383366070e+01
9.015028976167657504e+01
8.887211931555847855e+01
9.172590176279526020e+01
9.040101651630079971e+01
9.261127743275670809e+01
9.126246256837899296e+01
9.277458950360878021e+01
9.142315567621940886e+01
9.516744880728765565e+01
9.301175204920546946e+01
9.236927789185997995e+01
9.464458294979760922e+01
9.324523168042998122e+01
9.332154856324231673e+01
9.196493252299310939e+01
9.347120339821903201e+01
9.427945213655661405e+01
9.289963356343622536e+01
9.087793367522654364e+01
8.768467283469828999e+01
9.034804857880828877e+01
9.042064090145636612e+01
9.185391957198815760e+01
9.405377977806853096e+01
9.340372296604523683e+01
9.419403575339691770e+01
9.354241231547706548e+01
9.433401595125215522e+01
9.227378600808717124e+01
9.520229862741837223e+01
9.527073675476751191e+01
9.533937870475520526e+01
9.540406157496379080e+01
9.473856157417679924e+01
9.553893560367201587e+01
9.274151440776205391e+01
9.493565984227839749e+01
9.150905183762824890e+01
8.541319849863273816e+01
8.781524047452111859e+01
8.727901072748383626e+01
8.917423726649667515e+01
8.923727129943789294e+01
9.122683633564889760e+01
9.697202618566521437e+01
